16.633,30,498,41
B0,mixamorig_Hips,-1,0.9611960053443909,0.05910882353782654,0.2694600820541382,0,-0.04637374356389046,0.9974966645240784,-0.0533907413482666,0,-0.2719411849975586,0.03882332146167755,0.9615306854248047,0,0.12967312335968018,1.255981206893921,-0.0034487503580749035,1
B1,mixamorig_Spine,0,0.9941347241401672,-0.10787489265203476,0.007654604967683554,0,0.1080993041396141,0.9932984709739685,-0.040875643491744995,0,-0.003194339806213975,0.04146299138665199,0.999134361743927,0,0,0.24264900386333466,-0.0011239999439567327,1
B2,mixamorig_Spine1,1,0.9992777705192566,-0.032500285655260086,0.019699685275554657,0,0.03336014226078987,0.9984254240989685,-0.045044515281915665,0,-0.018204620108008385,0.04566916450858116,0.9987884163856506,0,0,0.28309398889541626,0,1
B3,mixamorig_Spine2,2,0.9992902278900146,-0.03210479021072388,0.019690239802002907,0,0.032968826591968536,0.9984279274940491,-0.045276567339897156,0,-0.01820581965148449,0.045892924070358276,0.9987784624099731,0,0,0.3235360085964203,0,1
B4,mixamorig_Neck,3,0.9981702566146851,0.06043976545333862,-0.0015893093077465892,0,-0.05973857641220093,0.9899566769599915,0.12812547385692596,0,0.009316753596067429,-0.12779635190963745,0.9917563796043396,0,0,0.36397799849510193,0,1
B5,mixamorig_Head,4,0.9992306232452393,0.017123112455010414,-0.03526819869875908,0,-0.02115560695528984,0.9928702116012573,-0.11729410290718079,0,0.033008746802806854,0.11794968694448471,0.9924694895744324,0,0,0.22355100512504578,-0.0017209999496117234,1
B6,mixamorig_HeadTop_End,5,1,0,0,0,0,1,0,0,0,0,1,0,0,1.056264042854309,-0.008131000213325024,1
B7,mixamorig_LeftShoulder,3,0.0731101930141449,0.012419389560818672,-0.9972453713417053,0,0.8600645065307617,-0.5070188641548157,0.05673830583691597,0,-0.504917323589325,-0.8618456125259399,-0.047750893980264664,0,0.10729499906301498,0.3254770040512085,-0.0007459999760612845,1
B8,mixamorig_LeftArm,7,0.966722309589386,-0.22080053389072418,-0.12910613417625427,0,0.24158143997192383,0.6224192976951599,0.7444496750831604,0,-0.08402375876903534,-0.7508798837661743,0.6550697684288025,0,0,0.22630299627780914,0,1
B9,mixamorig_LeftForeArm,8,0.9276164174079895,0.37352991104125977,0.0014986450551077724,0,-0.3735329210758209,0.9276026487350464,0.005097995046526194,0,0.0005146450130268931,-0.0052884649485349655,0.9999859929084778,0,0,0.603547990322113,0,1
B10,mixamorig_LeftHand,9,0.8901658058166504,0.13683679699897766,-0.4346022605895996,0,-0.11696033179759979,0.9905006885528564,0.07230151444673538,0,0.4403676986694336,-0.013528389856219292,0.8977147340774536,0,0,0.44730299711227417,0,1
B11,mixamorig_LeftHandThumb1,10,0.9771747589111328,0.1290929764509201,-0.1687154769897461,0,-0.08062464743852615,0.9601293802261353,0.26767799258232117,0,0.19654452800750732,-0.24796588718891144,0.9486219882965088,0,-0.07047300040721893,0.046045999974012375,0,1
B12,mixamorig_LeftHandThumb2,11,0.969136655330658,-0.2419866919517517,0.04708365723490715,0,0.23256288468837738,0.9607819318771362,0.15103653073310852,0,-0.08178609609603882,-0.13542534410953522,0.9874063730239868,0,-0.0072730001993477345,0.06695199757814407,0,1
B13,mixamorig_LeftHandThumb3,12,0.9388260245323181,-0.23187808692455292,0.254634290933609,0,0.20649705827236176,0.9707310199737549,0.12263323366641998,0,-0.27561843395233154,-0.06254945695400238,0.9592300057411194,0,0.0019759999122470617,0.09976200014352798,0,1
B14,mixamorig_LeftHandThumb4,13,1,0,0,0,0,1,0,0,0,0,1,0,0.005297000054270029,0.087459996342659,0,1
B15,mixamorig_LeftHandIndex1,10,0.9980329275131226,0.06171690300107002,0.011019565165042877,0,-0.06260025501251221,0.971468448638916,0.2287580966949463,0,0.0034129349514842033,-0.22899779677391052,0.9734210968017578,0,0,0.077224001288414,0.001614999957382679,1
B16,mixamorig_LeftHandIndex2,15,0.999895453453064,-0.014362215064466,-0.0017548250034451485,0,0.01432921551167965,0.9661014080047607,0.25776320695877075,0,-0.0020061200484633446,-0.2577612102031708,0.9662061929702759,0,0.0027910000644624233,0.15535999834537506,0,1
B17,mixamorig_LeftHandIndex3,16,0.9988608956336975,0.047673825174570084,0.002023099921643734,0,-0.045776888728141785,0.9454215168952942,0.3226161599159241,0,0.013467380777001381,-0.3223406672477722,0.9465276002883911,0,-0.0024949999060481787,0.1215599998831749,0,1
B18,mixamorig_LeftHandIndex4,17,1,0,0,0,0,1,0,0,0,0,1,0,-0.000295000005280599,0.09693899750709534,0,1
B19,mixamorig_RightShoulder,3,0.03604261204600334,-0.009102140553295612,0.9993079900741577,0,-0.8737037777900696,-0.48569855093955994,0.027087140828371048,0,0.485115647315979,-0.8740761876106262,-0.025460433214902878,0,-0.10729499906301498,0.32547199726104736,0.00038899999344721437,1
B20,mixamorig_RightArm,19,0.9777360558509827,0.0655134841799736,0.19928304851055145,0,-0.19991378486156464,0.5787119269371033,0.790625274181366,0,-0.06351616233587265,-0.812873363494873,0.5789490938186646,0,0,0.22630299627780914,0,1
B21,mixamorig_RightForeArm,20,0.8837310075759888,-0.4679933488368988,-0.0016372350510209799,0,0.46799612045288086,0.8837249875068665,0.0031697049271315336,0,-0.000036470009945333004,-0.003566704923287034,0.9999939799308777,0,0,0.6033920049667358,0,1
B22,mixamorig_RightHand,21,0.8862639665603638,-0.03357328847050667,0.4619615375995636,0,0.05146200582385063,0.9983312487602234,-0.02617538906633854,0,-0.46031200885772705,0.046971213072538376,0.8865132927894592,0,0,0.44735100865364075,0,1
B23,mixamorig_RightHandThumb1,22,0.9639256596565247,-0.17851562798023224,0.1974310576915741,0,0.15598733723163605,0.9798904657363892,0.12442704290151596,0,-0.21567341685295105,-0.08914133161306381,0.9723881483078003,0,0.08082900196313858,0.04864399880170822,0,1
B24,mixamorig_RightHandThumb2,23,0.9628936648368835,0.26277464628219604,-0.06151818856596947,0,-0.2555428743362427,0.9610457420349121,0.1053021103143692,0,0.08679221570491791,-0.08567412197589874,0.9925358295440674,0,0.016913000494241714,0.0735509991645813,0,1
B25,mixamorig_RightHandThumb3,24,0.8777333498001099,-0.47819092869758606,-0.030301354825496674,0,0.4778137505054474,0.8782529830932617,-0.019118575379252434,0,0.03575453162193298,0.0023025800473988056,0.9993582367897034,0,0.007259999867528677,0.09258200228214264,0,1
B26,mixamorig_RightHandThumb4,25,1,0,0,0,0,1,0,0,0,0,1,0,-0.02417300082743168,0.07377699762582779,0,1
B27,mixamorig_RightHandIndex1,22,0.9992105960845947,-0.03861543536186218,-0.009355864487588406,0,0.039063550531864166,0.9117539525032043,0.408875048160553,0,-0.007258404977619648,-0.4089180529117584,0.9125424027442932,0,0,0.0906049981713295,0.0015170000260695815,1
B28,mixamorig_RightHandIndex2,27,0.9989385008811951,0.04596954584121704,0.0029172899667173624,0,-0.04565654695034027,0.979773759841919,0.19483135640621185,0,0.0060979402624070644,-0.1947575956583023,0.9808322787284851,0,-0.0036200000904500484,0.1508300006389618,0,1
B29,mixamorig_RightHandIndex3,28,0.9971394538879395,-0.07553419470787048,-0.002814039820805192,0,0.0727417916059494,0.9488263726234436,0.3073040544986725,0,-0.02054138109087944,-0.30662956833839417,0.9516067504882812,0,0.0046179997734725475,0.1185230016708374,0,1
B30,mixamorig_RightHandIndex4,29,1,0,0,0,0,1,0,0,0,0,1,0,-0.0009980000322684646,0.09295400232076645,0,1
B31,mixamorig_LeftUpLeg,0,-0.9825577735900879,0.18573442101478577,0.009099995717406273,0,-0.18550772964954376,-0.9824078679084778,0.02147587761282921,0,0.012928786687552929,0.01941336877644062,0.9997279644012451,0,0.17371000349521637,-0.13477300107479095,0.006407999899238348,1
B32,mixamorig_LeftLeg,31,0.9772343635559082,-0.0893317312002182,0.19244050979614258,0,0.14932967722415924,0.9339269995689392,-0.32477787137031555,0,-0.15071198344230652,0.3461209833621979,0.926005482673645,0,0,0.634103000164032,0,1
B33,mixamorig_LeftFoot,32,0.7992271780967712,0.0059601916000247,0.6009995341300964,0,-0.5785955190658569,0.27827560901641846,0.7666745185852051,0,-0.16267305612564087,-0.9604828953742981,0.22585372626781464,0,0,0.28386300802230835,0,1
B34,mixamorig_LeftToeBase,33,0.9823220372200012,-0.01861792430281639,-0.18627184629440308,0,0.1328505277633667,0.7703722715377808,0.6235998868942261,0,0.13188867270946503,-0.637322187423706,0.7592272758483887,0,0,0.36601200699806213,0,1
B35,mixamorig_LeftToe_End,34,1,0,0,0,0,1,0,0,0,0,1,0,0,0.13590599596500397,0,1
B36,mixamorig_RightUpLeg,0,-0.9678115844726562,0.19909849762916565,-0.15394923090934753,0,-0.22061476111412048,-0.9655153751373291,0.13823656737804413,0,-0.12111766636371613,0.1677505224943161,0.9783611297607422,0,-0.17371000349521637,-0.13477300107479095,0.007209999952465296,1
B37,mixamorig_RightLeg,36,0.9895606637001038,0.12653258442878723,0.06898525357246399,0,-0.06711450964212418,0.8282130360603333,-0.5563797950744629,0,-0.12753428518772125,0.5459414124488831,0.8280596137046814,0,0,0.6340240240097046,0,1
B38,mixamorig_RightFoot,37,0.9750820398330688,0.12882350385189056,-0.1806083768606186,0,0.13909292221069336,0.2792118489742279,0.9501020908355713,0,0.1728232502937317,-0.951549232006073,0.2543361485004425,0,0,0.2839429974555969,0,1
B39,mixamorig_RightToeBase,38,0.9793304204940796,0.00007023499347269535,0.2022668868303299,0,-0.12858369946479797,0.7721408605575562,0.6223053336143494,0,-0.15613530576229095,-0.6354508996009827,0.756190299987793,0,0,0.36855998635292053,0,1
B40,mixamorig_RightToe_End,39,1,0,0,0,0,1,0,0,0,0,1,0,0,0.1353980004787445,0,1
@34,0,1,2,3,4,5,7,8,9,10,11,12,13,15,16,17,19,20,21,22,23,24,25,27,28,29,31,32,33,34,36,37,38,39
K0.000,0.9879199862480164,-0.14450499415397644,0.05596200004220009,0,0.1477999985218048,0.9871929883956909,-0.06003599986433983,0,-0.04656999930739403,0.06758199632167816,0.9966260194778442,0,0.012329000048339367,1.2553290128707886,-0.004507000092417002,1,0.9884790182113647,0.15116100013256073,0.00774999987334013,0,-0.15023499727249146,0.9860799908638,-0.07124000042676926,0,-0.018410999327898026,0.06925500184297562,0.9974290132522583,0,0,0.24264900386333466,-0.0011239999439567327,1,0.9989590048789978,0.04549900069832802,0.003306000027805567,0,-0.04557200148701668,0.998583972454071,0.02742999978363514,0,-0.002053000032901764,-0.02755199931561947,0.9996179938316345,0,0,0.28309398889541626,0,1,0.998989999294281,0.04438000172376633,0.007017000112682581,0,-0.04455899819731712,0.9986159801483154,0.027952000498771667,0,-0.0057669999077916145,-0.028237000107765198,0.999584972858429,0,0,0.3235360085964203,0,1,0.9941970109939575,-0.10751999914646149,-0.0035180000122636557,0,0.10736700147390366,0.9896860122680664,0.09483099728822708,0,-0.00671500014141202,-0.0946590006351471,0.9954869747161865,0,0,0.36397799849510193,0,1,0.9997249841690063,0.011323000304400921,0.02051899954676628,0,-0.007540999911725521,0.9843980073928833,-0.1757960021495819,0,-0.022190000861883163,0.17559300363063812,0.9842129945755005,0,0,0.22355100512504578,-0.0017209999496117234,1,0.10162799805402756,0.010962000116705894,-0.9947620034217834,0,0.8604570031166077,-0.5028219819068909,0.08236700296401978,0,-0.4992859959602356,-0.8643199801445007,-0.06053299829363823,0,0.10729499906301498,0.3254770040512085,-0.0007459999760612845,1,0.985493004322052,-0.1638849973678589,-0.044116001576185226,0,0.1221269965171814,0.5042679905891418,0.8548679947853088,0,-0.11785300076007843,-0.8478540182113647,0.5169669985771179,0,0,0.22630299627780914,0,1,0.9292150139808655,0.36953601241111755,0.0014769999543204904,0,-0.36953800916671753,0.9292020201683044,0.005042999982833862,0,0.0004910000134259462,-0.005231999792158604,0.9999859929084778,0,0,0.603547990322113,0,1,0.8745089769363403,0.12143799662590027,-0.46956101059913635,0,-0.11355099827051163,0.9925029873847961,0.045205000787973404,0,0.4715299904346466,0.013787000440061092,0.881742000579834,0,0,0.44730299711227417,0,1,0.950311005115509,0.2726460099220276,-0.15024399757385254,0,-0.24953700602054596,0.9557200074195862,0.15598000586032867,0,0.18611900508403778,-0.11073800176382065,0.9762669801712036,0,-0.07047300040721893,0.046045999974012375,0,1,0.9999560117721558,-0.00913699995726347,-0.0020459999796003103,0,0.009240999817848206,0.9982510209083557,0.05839800089597702,0,0.0015089999651536345,-0.058414001017808914,0.998291015625,0,-0.0072730001993477345,0.06695199757814407,0,1,0.9817379713058472,0.05441400036215782,0.1822890043258667,0,-0.04710099846124649,0.9979109764099121,-0.04421300068497658,0,-0.18431399762630463,0.03481899946928024,0.9822499752044678,0,0.0019759999122470617,0.09976200014352798,0,1,0.9982349872589111,0.058694999665021896,0.009091000072658062,0,-0.05932300165295601,0.9777669906616211,0.20112599432468414,0,0.00291600008495152,-0.20131100714206696,0.9795230031013489,0,0,0.077224001288414,0.001614999957382679,1,0.9998409748077393,-0.01771700009703636,-0.0018260000506415963,0,0.017678000032901764,0.9746749997138977,0.22292500734329224,0,-0.0021699999924749136,-0.22292199730873108,0.9748340249061584,0,0.0027910000644624233,0.15535999834537506,0,1,0.9990910291671753,0.04261700063943863,0.0006380000268109143,0,-0.04121899977326393,0.9622960090637207,0.2688629925251007,0,0.010843999683856964,-0.2686449885368347,0.9631779789924622,0,-0.0024949999060481787,0.1215599998831749,0,1,0.07096599787473679,-0.009518999606370926,0.9974330067634583,0,-0.8522539734840393,-0.520156979560852,0.05567200109362602,0,0.5182920098304749,-0.8540170192718506,-0.04502600058913231,0,-0.10729499906301498,0.32547199726104736,0.00038899999344721437,1,0.9868119955062866,0.03860900178551674,0.15719999372959137,0,-0.13739299774169922,0.7132670283317566,0.6872940063476562,0,-0.08558999747037888,-0.699828028678894,0.7091649770736694,0,0,0.22630299627780914,0,1,0.883849024772644,-0.4677700102329254,-0.001636000000871718,0,0.4677729904651642,0.8838430047035217,0.0031679999083280563,0,-0.00003600000127335079,-0.0035649999044835567,0.9999939799308777,0,0,0.6033920049667358,0,1,0.8748639822006226,-0.022593000903725624,0.4838410019874573,0,0.028286000713706017,0.9995899796485901,-0.004468999803066254,0,-0.48354101181030273,0.017595000565052032,0.8751450181007385,0,0,0.44735100865364075,0,1,0.9632790088653564,-0.18217599391937256,0.19724300503730774,0,0.1599929928779602,0.9793969988822937,0.12321999669075012,0,-0.21562699973583221,-0.08713799715042114,0.9725800156593323,0,0.08082900196313858,0.04864399880170822,0,1,0.9657719731330872,0.2517240047454834,-0.062609001994133,0,-0.24491800367832184,0.9644190073013306,0.09955500066280365,0,0.08544199913740158,-0.08081399649381638,0.9930599927902222,0,0.016913000494241714,0.0735509991645813,0,1,0.866346001625061,-0.4988059997558594,-0.0252470001578331,0,0.4981519877910614,0.8666329979896545,-0.028147999197244644,0,0.035920001566410065,0.011808999814093113,0.9992849826812744,0,0.007259999867528677,0.09258200228214264,0,1,0.9993410110473633,-0.03543400019407272,-0.007873999886214733,0,0.03567799925804138,0.9189149737358093,0.3928390145301819,0,-0.006684000138193369,-0.392861008644104,0.9195740222930908,0,0,0.0906049981713295,0.0015170000260695815,1,0.9988750219345093,0.04734399914741516,0.0025599999353289604,0,-0.04703399911522865,0.9826480150222778,0.1794160008430481,0,0.005979000125080347,-0.17933399975299835,0.9837700128555298,0,-0.0036200000904500484,0.1508300006389618,0,1,0.9974089860916138,-0.07192900031805038,-0.0012290000449866056,0,0.06970299780368805,0.962024986743927,0.26391199231147766,0,-0.01780099980533123,-0.2633129954338074,0.9645460247993469,0,0.0046179997734725475,0.1185230016708374,0,1,-0.9655809998512268,-0.2177249938249588,0.14229799807071686,0,0.23081600666046143,-0.9694600105285645,0.08289700001478195,0,0.11990399658679962,0.11288800090551376,0.9863460063934326,0,0.17371000349521637,-0.13477300107479095,0.006407999899238348,1,0.9798349738121033,-0.07997000217437744,0.18310900032520294,0,0.18178200721740723,0.7371829748153687,-0.650780975818634,0,-0.08294200152158737,0.6709439754486084,0.7368540167808533,0,0,0.634103000164032,0,1,0.9607560038566589,-0.1355160027742386,0.24203899502754211,0,-0.2280450016260147,0.11092499643564224,0.9673110246658325,0,-0.15793399512767792,-0.9845460057258606,0.07566799968481064,0,0,0.28386300802230835,0,1,0.9774529933929443,0,-0.21115300059318542,0,0.13301600515842438,0.776636004447937,0.615746021270752,0,0.16398899257183075,-0.6299499869346619,0.7591249942779541,0,0,0.36601200699806213,0,1,-0.9845749735832214,-0.12459699809551239,-0.12282899767160416,0,0.1381780058145523,-0.9843840003013611,-0.10905999690294266,0,-0.10732199996709824,-0.12434999644756317,0.9864169955253601,0,-0.17371000349521637,-0.13477300107479095,0.007209999952465296,1,0.9827089905738831,0.1319109946489334,-0.1299320012331009,0,-0.1463399976491928,0.9832580089569092,-0.10857400298118591,0,0.11343400180339813,0.12570999562740326,0.9855610132217407,0,0,0.6340240240097046,0,1,0.9710000157356262,-0.04941900074481964,-0.23391500115394592,0,0.22999300062656403,0.46024999022483826,0.8574810028076172,0,0.06528300046920776,-0.8864129781723022,0.45826900005340576,0,0,0.2839429974555969,0,1,0.979095995426178,0.000037999998312443495,0.2033970057964325,0,-0.1284710019826889,0.7753900289535522,0.6182760000228882,0,-0.15768900513648987,-0.6314830183982849,0.7591860294342041,0,0,0.36855998635292053,0,1
K0.033,0.9879230260848999,-0.1447799950838089,0.055201996117830276,0,0.1480419933795929,0.9871309995651245,-0.06046000495553017,0,-0.04573799669742584,0.06790200620889664,0.9966430068016052,0,0.012257999740540981,1.2552779912948608,-0.0049630035646259785,1,0.9884709715843201,0.15120700001716614,0.007822001352906227,0,-0.15032300353050232,0.9862459897994995,-0.06870897114276886,0,-0.01810399629175663,0.0667409673333168,0.9976059794425964,0,0,0.24264900386333466,-0.0011239999439567327,1,0.998960018157959,0.04545700177550316,0.003634003922343254,0,-0.04553399980068207,0.9986460208892822,0.025168975815176964,0,-0.002485005185008049,-0.025307975709438324,0.9996770024299622,0,0,0.28309398889541626,0,1,0.9989870190620422,0.044408999383449554,0.007227002643048763,0,-0.04458099976181984,0.9986760020256042,0.02567797526717186,0,-0.006077003665268421,-0.025974975898861885,0.9996439814567566,0,0,0.3235360085964203,0,1,0.9941949844360352,-0.10753300040960312,-0.0036810024175792933,0,0.10738900303840637,0.9895750284194946,0.09596500545740128,0,-0.00667699845507741,-0.09580301493406296,0.9953780174255371,0,0,0.36397799849510193,0,1,0.9997190237045288,0.011487000621855259,0.020723000168800354,0,-0.007711001206189394,0.9847480058670044,-0.17381398379802704,0,-0.022404000163078308,0.17360498011112213,0.9845600128173828,0,0,0.22355100512504578,-0.0017209999496117234,1,0.10163000226020813,0.010924999602138996,-0.9947620034217834,0,0.8602759838104248,-0.5031319856643677,0.0823649987578392,0,-0.4995959997177124,-0.8641409873962402,-0.06053199991583824,0,0.10729499906301498,0.3254770040512085,-0.0007459999760612845,1,0.985031008720398,-0.16617903113365173,-0.04580201581120491,0,0.12479602545499802,0.5042160153388977,0.8545129895210266,0,-0.11890901625156403,-0.8474379777908325,0.5174070000648499,0,0,0.22630299627780914,0,1,0.9294660091400146,0.3689039945602417,0.0014729999238625169,0,-0.36890700459480286,0.9294530153274536,0.005034999921917915,0,0.0004879999323748052,-0.005222999956458807,0.9999859929084778,0,0,0.603547990322113,0,1,0.8754550218582153,0.12157300114631653,-0.46775999665260315,0,-0.11408500373363495,0.9924769997596741,0.04442998394370079,0,0.4696420133113861,0.01446701493114233,0.8827379941940308,0,0,0.44730299711227417,0,1,0.9503080248832703,0.27265799045562744,-0.15024100244045258,0,-0.24955099821090698,0.9557179808616638,0.15597599744796753,0,0.18611599504947662,-0.11073199659585953,0.9762679934501648,0,-0.07047300040721893,0.046045999974012375,0,1,0.9999560117721558,-0.009127999655902386,-0.002046000212430954,0,0.009232000447809696,0.9982510209083557,0.05839399993419647,0,0.0015100002055987716,-0.058410000056028366,0.9982920289039612,0,-0.0072730001993477345,0.06695199757814407,0,1,0.9817370176315308,0.054434001445770264,0.1822890043258667,0,-0.04712300002574921,0.9979100227355957,-0.04420600086450577,0,-0.18431399762630463,0.03480900079011917,0.982250988483429,0,0.0019759999122470617,0.09976200014352798,0,1,0.9982349872589111,0.058694999665021896,0.009091000072658062,0,-0.05932300165295601,0.9777669906616211,0.20112599432468414,0,0.00291600008495152,-0.20130999386310577,0.9795230031013489,0,0,0.077224001288414,0.001614999957382679,1,0.9998409748077393,-0.01771700009703636,-0.0018260000506415963,0,0.017678000032901764,0.9746749997138977,0.22292500734329224,0,-0.0021699999924749136,-0.22292199730873108,0.9748340249061584,0,0.0027910000644624233,0.15535999834537506,0,1,0.9990910291671753,0.04261700063943863,0.0006380000850185752,0,-0.04121899977326393,0.9622960090637207,0.2688629925251007,0,0.010843999683856964,-0.2686449885368347,0.9631779789924622,0,-0.0024949999060481787,0.1215599998831749,0,1,0.07138800621032715,-0.009434999898076057,0.9974039793014526,0,-0.8518890142440796,-0.5207139849662781,0.05604700744152069,0,0.5188339948654175,-0.8536790013313293,-0.04521000385284424,0,-0.10729499906301498,0.32547199726104736,0.00038899999344721437,1,0.9864190220832825,0.03923800587654114,0.1594950258731842,0,-0.13940103352069855,0.7135429978370667,0.6866030097007751,0,-0.08686601370573044,-0.6995120048522949,0.7093219757080078,0,0,0.22630299627780914,0,1,0.883948028087616,-0.4675830006599426,-0.001636000000871718,0,0.4675860106945038,0.8839420080184937,0.0031659998930990696,0,-0.000035000000934815034,-0.00356299988925457,0.9999939799308777,0,0,0.6033920049667358,0,1,0.8752869963645935,-0.02290700003504753,0.4830609858036041,0,0.0283999964594841,0.9995880126953125,-0.004059992730617523,0,-0.4827690124511719,0.017272990196943283,0.8755769729614258,0,0,0.44735100865364075,0,1,0.9632790088653564,-0.18217599391937256,0.19724400341510773,0,0.1599929928779602,0.9793969988822937,0.12321999669075012,0,-0.21562699973583221,-0.08713699877262115,0.9725800156593323,0,0.08082900196313858,0.04864399880170822,0,1,0.9657719731330872,0.2517240047454834,-0.062609001994133,0,-0.24491800367832184,0.9644190073013306,0.09955500066280365,0,0.08544199913740158,-0.08081399649381638,0.9930599927902222,0,0.016913000494241714,0.0735509991645813,0,1,0.866346001625061,-0.4988059997558594,-0.0252470001578331,0,0.4981510043144226,0.8666329979896545,-0.028147999197244644,0,0.035920001566410065,0.011808999814093113,0.9992849826812744,0,0.007259999867528677,0.09258200228214264,0,1,0.9993410110473633,-0.03543400019407272,-0.007873999886214733,0,0.035677000880241394,0.9189149737358093,0.3928380012512207,0,-0.006684000138193369,-0.3928599953651428,0.9195740222930908,0,0,0.0906049981713295,0.0015170000260695815,1,0.9988750219345093,0.04734399914741516,0.0025599999353289604,0,-0.04703399911522865,0.9826480150222778,0.1794150024652481,0,0.005979000125080347,-0.17933399975299835,0.9837700128555298,0,-0.0036200000904500484,0.1508300006389618,0,1,0.9974089860916138,-0.07192900031805038,-0.0012290000449866056,0,0.06970199942588806,0.962024986743927,0.26391199231147766,0,-0.01780099980533123,-0.26331400871276855,0.9645460247993469,0,0.0046179997734725475,0.1185230016708374,0,1,-0.965569019317627,-0.21818000078201294,0.1416810005903244,0,0.231331005692482,-0.9692450165748596,0.08396100997924805,0,0.1190050020813942,0.11384500563144684,0.9863449931144714,0,0.17371000349521637,-0.13477300107479095,0.006407999899238348,1,0.980663001537323,-0.08138401061296463,0.17798197269439697,0,0.1794789880514145,0.7365819811820984,-0.6521000266075134,0,-0.07802797108888626,0.6714339852333069,0.7369449734687805,0,0,0.634103000164032,0,1,0.960798978805542,-0.13485200703144073,0.24223999679088593,0,-0.22825199365615845,0.11121399700641632,0.9672290086746216,0,-0.15737299621105194,-0.9846050143241882,0.07607399672269821,0,0,0.28386300802230835,0,1,0.9774529933929443,0,-0.2111539989709854,0,0.13301600515842438,0.7766370177268982,0.6157439947128296,0,0.16399000585079193,-0.6299480199813843,0.7591260075569153,0,0,0.36601200699806213,0,1,-0.9845200181007385,-0.12509800493717194,-0.12276700139045715,0,0.13865500688552856,-0.9843339920043945,-0.10891299694776535,0,-0.10721900314092636,-0.12424899637699127,0.9864410161972046,0,-0.17371000349521637,-0.13477300107479095,0.007209999952465296,1,0.9826200008392334,0.1316089928150177,-0.13090801239013672,0,-0.14621500670909882,0.983227014541626,-0.10902100056409836,0,0.11436400562524796,0.12626700103282928,0.9853820204734802,0,0,0.6340240240097046,0,1,0.9710100293159485,-0.049368999898433685,-0.2338860034942627,0,0.22995199263095856,0.4601379930973053,0.8575519919395447,0,0.06528399884700775,-0.8864740133285522,0.4581510126590729,0,0,0.2839429974555969,0,1,0.979095995426178,0.000037999998312443495,0.2033970057964325,0,-0.1284710019826889,0.7753900289535522,0.6182760000228882,0,-0.15768900513648987,-0.6314830183982849,0.7591860294342041,0,0,0.36855998635292053,0,1
K0.067,0.9879209995269775,-0.14491799473762512,0.0548660047352314,0,0.14817599952220917,0.9870849847793579,-0.06088099628686905,0,-0.04533500224351883,0.06827600300312042,0.9966359734535217,0,0.012222000397741795,1.2552520036697388,-0.005352996289730072,1,0.9884629845619202,0.1512569934129715,0.00791499949991703,0,-0.1504179984331131,0.9864230155944824,-0.06590402871370316,0,-0.01777600310742855,0.06395302712917328,0.9977949857711792,0,0,0.24264900386333466,-0.0011239999439567327,1,0.998960018157959,0.04541600123047829,0.004027996212244034,0,-0.045496001839637756,0.9987059831619263,0.022715024650096893,0,-0.0029909948352724314,-0.022874023765325546,0.9997339844703674,0,0,0.28309398889541626,0,1,0.9989839792251587,0.044443000108003616,0.007492997217923403,0,-0.04460600018501282,0.9987350106239319,0.023209024220705032,0,-0.0064519960433244705,-0.023520024493336678,0.9997029900550842,0,0,0.3235360085964203,0,1,0.9941970109939575,-0.10750199854373932,-0.003922997508198023,0,0.10737399756908417,0.989467978477478,0.09707999229431152,0,-0.006555001251399517,-0.09693798422813416,0.9952690005302429,0,0,0.36397799849510193,0,1,0.9997169971466064,0.011577999219298363,0.02077599987387657,0,-0.007842998951673508,0.985135018825531,-0.1716020107269287,0,-0.022453999146819115,0.17139101028442383,0.9849470257759094,0,0,0.22355100512504578,-0.0017209999496117234,1,0.10160300135612488,0.01091699954122305,-0.9947649836540222,0,0.8602100014686584,-0.5032479763031006,0.08233699947595596,0,-0.49971500039100647,-0.8640729784965515,-0.06052200123667717,0,0.10729499906301498,0.3254770040512085,-0.0007459999760612845,1,0.9845190048217773,-0.16877296566963196,-0.047302983701229095,0,0.12738096714019775,0.5035579800605774,0.8545190095901489,0,-0.12039998173713684,-0.8473160266876221,0.5172610282897949,0,0,0.22630299627780914,0,1,0.9299569725990295,0.36766600608825684,0.001466000103391707,0,-0.3676689863204956,0.9299430251121521,0.005018000025302172,0,0.00048100005369633436,-0.005204999819397926,0.9999859929084778,0,0,0.603547990322113,0,1,0.876010000705719,0.12190800160169601,-0.46663200855255127,0,-0.11515899002552032,0.9924119710922241,0.04308001324534416,0,0.46834298968315125,0.01599898561835289,0.8834019899368286,0,0,0.44730299711227417,0,1,0.9503030180931091,0.27268099784851074,-0.1502320021390915,0,-0.24957700073719025,0.9557120203971863,0.15596500039100647,0,0.18610799312591553,-0.11072000116109848,0.9762709736824036,0,-0.07047300040721893,0.046045999974012375,0,1,0.9999560117721558,-0.009112999774515629,-0.002067999681457877,0,0.009219000115990639,0.9982510209083557,0.05839399993419647,0,0.0015319997910410166,-0.058410998433828354,0.998291015625,0,-0.0072730001993477345,0.06695199757814407,0,1,0.9817349910736084,0.054420001804828644,0.18230299651622772,0,-0.04711199924349785,0.9979119896888733,-0.04418500140309334,0,-0.18432700634002686,0.03478899970650673,0.9822490215301514,0,0.0019759999122470617,0.09976200014352798,0,1,0.9982349872589111,0.058694999665021896,0.009091000072658062,0,-0.05932300165295601,0.9777669906616211,0.20112599432468414,0,0.00291600008495152,-0.20130999386310577,0.9795230031013489,0,0,0.077224001288414,0.001614999957382679,1,0.9998409748077393,-0.01771700009703636,-0.0018260000506415963,0,0.017678000032901764,0.9746749997138977,0.22292500734329224,0,-0.0021699999924749136,-0.22292199730873108,0.9748340249061584,0,0.0027910000644624233,0.15535999834537506,0,1,0.9990910291671753,0.04263100028038025,0.0006409999332390726,0,-0.04123200103640556,0.9622529745101929,0.2690170109272003,0,0.010851000435650349,-0.26879799365997314,0.9631350040435791,0,-0.0024949999060481787,0.1215599998831749,0,1,0.0722159892320633,-0.00940299965441227,0.997344970703125,0,-0.8516179919242859,-0.5210819840431213,0.05675199255347252,0,0.5191649794578552,-0.8534550070762634,-0.04563799500465393,0,-0.10729499906301498,0.32547199726104736,0.00038899999344721437,1,0.9859499931335449,0.03992099314928055,0.1621989756822586,0,-0.14175496995449066,0.713621973991394,0.6860389709472656,0,-0.08836198598146439,-0.6993929743766785,0.7092540264129639,0,0,0.22630299627780914,0,1,0.8839179873466492,-0.4676400125026703,-0.001636000000871718,0,0.46764200925827026,0.8839120268821716,0.003166999900713563,0,-0.000035000000934815034,-0.0035639998968690634,0.9999939799308777,0,0,0.6033920049667358,0,1,0.876039981842041,-0.022890999913215637,0.4816960096359253,0,0.02793700434267521,0.9996039867401123,-0.0033050074707716703,0,-0.48142901062965393,0.016353009268641472,0.8763319849967957,0,0,0.44735100865364075,0,1,0.9632790088653564,-0.18217599391937256,0.19724400341510773,0,0.1599929928779602,0.9793969988822937,0.12321999669075012,0,-0.21562699973583221,-0.08713699877262115,0.9725800156593323,0,0.08082900196313858,0.04864399880170822,0,1,0.9657719731330872,0.2517240047454834,-0.062609001994133,0,-0.24491800367832184,0.9644190073013306,0.09955599904060364,0,0.08544199913740158,-0.08081399649381638,0.9930599927902222,0,0.016913000494241714,0.0735509991645813,0,1,0.866346001625061,-0.4988059997558594,-0.0252470001578331,0,0.4981510043144226,0.8666329979896545,-0.028147999197244644,0,0.035920001566410065,0.011808999814093113,0.9992849826812744,0,0.007259999867528677,0.09258200228214264,0,1,0.9993410110473633,-0.03543400019407272,-0.007873999886214733,0,0.035677000880241394,0.9189149737358093,0.3928380012512207,0,-0.006684000138193369,-0.3928599953651428,0.9195740222930908,0,0,0.0906049981713295,0.0015170000260695815,1,0.9988750219345093,0.04734300076961517,0.0025599999353289604,0,-0.04703399911522865,0.9826480150222778,0.1794160008430481,0,0.005979000125080347,-0.17933399975299835,0.9837700128555298,0,-0.0036200000904500484,0.1508300006389618,0,1,0.9974089860916138,-0.07192900031805038,-0.0012290000449866056,0,0.06970299780368805,0.962024986743927,0.26391199231147766,0,-0.01780099980533123,-0.26331400871276855,0.9645460247993469,0,0.0046179997734725475,0.1185230016708374,0,1,-0.9655259847640991,-0.2184710055589676,0.141526997089386,0,0.23165899515151978,-0.9691280126571655,0.08441099524497986,0,0.11871600151062012,0.11428698897361755,0.9863290190696716,0,0.17371000349521637,-0.13477300107479095,0.006407999899238348,1,0.9810730218887329,-0.0823269933462143,0.17526303231716156,0,0.17839501798152924,0.7362669706344604,-0.6527529954910278,0,-0.07530102878808975,0.6716650128364563,0.7370179891586304,0,0,0.634103000164032,0,1,0.9608309864997864,-0.13429200649261475,0.24242399632930756,0,-0.2284419983625412,0.11145800352096558,0.9671559929847717,0,-0.1569020003080368,-0.9846540093421936,0.07641399651765823,0,0,0.28386300802230835,0,1,0.9774529933929443,0,-0.2111539989709854,0,0.13301600515842438,0.776636004447937,0.615746021270752,0,0.16399000585079193,-0.6299489736557007,0.7591249942779541,0,0,0.36601200699806213,0,1,-0.9845110177993774,-0.1253879964351654,-0.1225380003452301,0,0.13891200721263885,-0.9843029975891113,-0.10886500030755997,0,-0.10696399956941605,-0.12420099973678589,0.9864749908447266,0,-0.17371000349521637,-0.13477300107479095,0.007209999952465296,1,0.9825429916381836,0.13142499327659607,-0.13166998326778412,0,-0.14616400003433228,0.9832000136375427,-0.10933099687099457,0,0.11508899182081223,0.12666699290275574,0.9852460026741028,0,0,0.6340240240097046,0,1,0.9710130095481873,-0.04938400164246559,-0.2338709980249405,0,0.22994700074195862,0.4601239860057831,0.8575609922409058,0,0.06526000052690506,-0.8864799737930298,0.4581420123577118,0,0,0.2839429974555969,0,1,0.979095995426178,0.000037999998312443495,0.2033970057964325,0,-0.1284710019826889,0.7753900289535522,0.6182770133018494,0,-0.15768900513648987,-0.6314830183982849,0.7591860294342041,0,0,0.36855998635292053,0,1
