2.233,30,66,41
B0,mixamorig_Hips,-1,0.9961737394332886,-0.060745660215616226,0.06236850842833519,0,0.0634254440665245,0.997113823890686,-0.04158648103475571,0,-0.059669528156518936,0.045367270708084106,0.9971566200256348,0,0.0168641097843647,1.2736550569534302,-0.03168974071741104,1
B1,mixamorig_Spine,0,0.9983430504798889,0.0406167209148407,-0.04074881970882416,0,-0.03787873312830925,0.9971107244491577,0.06582240015268326,0,0.04330598562955856,-0.06416910141706467,0.9969967603683472,0,0,0.24264900386333466,-0.0011239999439567327,1
B2,mixamorig_Spine1,1,0.9995555877685547,0.028139114379882812,-0.009868129156529903,0,-0.027903521433472633,0.9993405938148499,0.023226430639624596,0,0.01051526889204979,-0.022940929979085922,0.9996816515922546,0,0,0.28309398889541626,0,1
B3,mixamorig_Spine2,2,0.9995498657226562,0.028174569830298424,-0.010316449217498302,0,-0.027934296056628227,0.9993506073951721,0.022759929299354553,0,0.010950589552521706,-0.022461747750639915,0.9996876120567322,0,0,0.3235360085964203,0,1
B4,mixamorig_Neck,3,0.9999245405197144,0.005971311591565609,0.010620726272463799,0,-0.007096205838024616,0.9939892888069153,0.10923974215984344,0,-0.009903842583298683,-0.10930637270212173,0.9939577579498291,0,0,0.36397799849510193,0,1
B5,mixamorig_Head,4,0.9994204640388489,0.02490190602838993,0.02124830335378647,0,-0.02174101583659649,0.990363597869873,-0.1366613805294037,0,-0.02446144074201584,0.13608728349208832,0.9903533458709717,0,0,0.22355100512504578,-0.0017209999496117234,1
B6,mixamorig_HeadTop_End,5,1,0,0,0,0,1,0,0,0,0,1,0,0,1.056264042854309,-0.008131000213325024,1
B7,mixamorig_LeftShoulder,3,0.30107754468917847,0.019054273143410683,-0.9534087181091309,0,0.8172774910926819,-0.5202948451042175,0.24769027531147003,0,-0.49133357405662537,-0.8537742495536804,-0.17222101986408234,0,0.10729499906301498,0.3254770040512085,-0.0007459999760612845,1
B8,mixamorig_LeftArm,7,0.9206156730651855,0.33131086826324463,-0.20663592219352722,0,-0.07033633440732956,0.6612248420715332,0.7468512654304504,0,0.38407036662101746,-0.6730296015739441,0.6320387721061707,0,0,0.22630299627780914,0,1
B9,mixamorig_LeftForeArm,8,0.9689145684242249,0.2461332380771637,-0.006800803821533918,0,-0.24610774219036102,0.9689357280731201,0.004334627650678158,0,0.0076646627858281136,-0.0025086295790970325,0.999967098236084,0,0,0.603547990322113,0,1
B10,mixamorig_LeftHand,9,0.951310932636261,0.0769672617316246,0.2984046936035156,0,-0.07617443054914474,0.996964156627655,-0.014418086037039757,0,-0.2986319661140442,-0.008999704383313656,0.9542888402938843,0,0,0.44730299711227417,0,1
B11,mixamorig_LeftHandThumb1,10,0.8871822953224182,0.44259798526763916,-0.13043899834156036,0,-0.39485669136047363,0.8744990229606628,0.28167399764060974,0,0.23873700201511383,-0.19839100539684296,0.9506030082702637,0,-0.07047300040721893,0.046045999974012375,0,1
B12,mixamorig_LeftHandThumb2,11,0.8902636170387268,-0.429036021232605,-0.15275004506111145,0,0.42813557386398315,0.9028001427650452,-0.04033821448683739,0,0.15520480275154114,-0.029470685869455338,0.9874244332313538,0,-0.0072730001993477345,0.06695199757814407,0,1
B13,mixamorig_LeftHandThumb3,12,0.9885976910591125,-0.017183911055326462,0.1495944857597351,0,0.05266088247299194,0.9701873064041138,-0.2365652620792389,0,-0.14106932282447815,0.24174639582633972,0.9600301384925842,0,0.0019759999122470617,0.09976200014352798,0,1
B14,mixamorig_LeftHandThumb4,13,1,0,0,0,0,1,0,0,0,0,1,0,0.005297000054270029,0.087459996342659,0,1
B15,mixamorig_LeftHandIndex1,10,0.9980434775352478,0.062475867569446564,0.0022038156166672707,0,-0.061992619186639786,0.9845504760742188,0.16355380415916443,0,0.00803995318710804,-0.1633715182542801,0.9864982962608337,0,0,0.077224001288414,0.001614999957382679,1
B16,mixamorig_LeftHandIndex2,15,0.999987006187439,-0.005064455792307854,-0.000697681971359998,0,0.0050424556247889996,0.9546163082122803,0.29779499769210815,0,-0.0008423638646490872,-0.29779499769210815,0.9546296000480652,0,0.0027910000644624233,0.15535999834537506,0,1
B17,mixamorig_LeftHandIndex3,16,0.9994549751281738,0.032981228083372116,-0.001308681908994913,0,-0.03247822821140289,0.9897351264953613,0.13917262852191925,0,0.00588563596829772,-0.13905462622642517,0.9902671575546265,0,-0.0024949999060481787,0.1215599998831749,0,1
B18,mixamorig_LeftHandIndex4,17,1,0,0,0,0,1,0,0,0,0,1,0,-0.000295000005280599,0.09693899750709534,0,1
B19,mixamorig_RightShoulder,3,0.29171377420425415,-0.01335466094315052,0.9564121961593628,0,-0.7785200476646423,-0.5842334032058716,0.22929741442203522,0,0.555705726146698,-0.8114759922027588,-0.1808249056339264,0,-0.10729499906301498,0.32547199726104736,0.00038899999344721437,1
B20,mixamorig_RightArm,19,0.6989384889602661,-0.5684740543365479,0.43326035141944885,0,0.2194518744945526,0.7472049593925476,0.6271604895591736,0,-0.6802348494529724,-0.3432503938674927,0.6470412611961365,0,0,0.22630299627780914,0,1
B21,mixamorig_RightForeArm,20,0.8592681884765625,-0.5086296200752258,0.014182005077600479,0,0.5085692405700684,0.8593862652778625,0.007863378152251244,0,-0.01620551012456417,0.0005424830014817417,0.9998674988746643,0,0,0.6033920049667358,0,1
B22,mixamorig_RightHand,21,0.9449001550674438,-0.3223959803581238,-0.05176299437880516,0,0.32567355036735535,0.9205016493797302,0.21398675441741943,0,-0.021683521568775177,-0.2189028561115265,0.975321352481842,0,0,0.44735100865364075,0,1
B23,mixamorig_RightHandThumb1,22,0.9165210127830505,-0.3703846335411072,0.15101100504398346,0,0.3250313103199005,0.9096879959106445,0.25850000977516174,0,-0.23311768472194672,-0.18783800303936005,0.954135000705719,0,0.08082900196313858,0.04864399880170822,0,1
B24,mixamorig_RightHandThumb2,23,0.8827279210090637,0.45037680864334106,0.13363398611545563,0,-0.4482054114341736,0.8925718665122986,-0.04728201776742935,0,-0.14051346480846405,-0.018091518431901932,0.9898544549942017,0,0.016913000494241714,0.0735509991645813,0,1
B25,mixamorig_RightHandThumb3,24,0.9466770887374878,-0.30706652998924255,-0.09753401577472687,0,0.2598288655281067,0.9066328406333923,-0.3324234187602997,0,0.19050338864326477,0.28935518860816956,0.9380738139152527,0,0.007259999867528677,0.09258200228214264,0,1
B26,mixamorig_RightHandThumb4,25,1,0,0,0,0,1,0,0,0,0,1,0,-0.02417300082743168,0.07377699762582779,0,1
B27,mixamorig_RightHandIndex1,22,0.9917333722114563,-0.1232871487736702,-0.03555203229188919,0,0.1213778629899025,0.8117300271987915,0.5710722804069519,0,-0.041561953723430634,-0.5706648826599121,0.819985568523407,0,0,0.0906049981713295,0.0015170000260695815,1
B28,mixamorig_RightHandIndex2,27,0.9992635846138,-0.03629341721534729,-0.01208456326276064,0,0.03400227427482605,0.6989696621894836,0.7139897346496582,0,-0.017527179792523384,-0.7138765454292297,0.6996974349021912,0,-0.0036200000904500484,0.1508300006389618,0,1
B29,mixamorig_RightHandIndex3,28,0.9921498894691467,-0.12221931666135788,-0.026315560564398766,0,0.11401556432247162,0.7982584238052368,0.5909990668296814,0,-0.05128771811723709,-0.5893575549125671,0.8059346079826355,0,0.0046179997734725475,0.1185230016708374,0,1
B30,mixamorig_RightHandIndex4,29,1,0,0,0,0,1,0,0,0,0,1,0,-0.0009980000322684646,0.09295400232076645,0,1
B31,mixamorig_LeftUpLeg,0,-0.9468362927436829,-0.17490383982658386,0.2700158357620239,0,0.21872484683990479,-0.9653733968734741,0.14171305298805237,0,0.2358829379081726,0.19323928654193878,0.9523053169250488,0,0.17371000349521637,-0.13477300107479095,0.006407999899238348,1
B32,mixamorig_LeftLeg,31,0.9987537264823914,-0.043026670813560486,0.02484208531677723,0,0.049074701964855194,0.9296035170555115,-0.3651043474674225,0,-0.007390820421278477,0.3658708930015564,0.9305552244186401,0,0,0.634103000164032,0,1
B33,mixamorig_LeftFoot,32,0.9473540186882019,-0.12566541135311127,0.29449641704559326,0,-0.19085152447223663,0.5168664455413818,0.8345087170600891,0,-0.25708431005477905,-0.8467802405357361,0.4656725823879242,0,0,0.28386300802230835,0,1
B34,mixamorig_LeftToeBase,33,0.9812849760055542,-0.0009840000420808792,-0.192557692527771,0,0.134101003408432,0.7211266756057739,0.6797009706497192,0,0.13819000124931335,-0.6928030252456665,0.7077630162239075,0,0,0.36601200699806213,0,1
B35,mixamorig_LeftToe_End,34,1,0,0,0,0,1,0,0,0,0,1,0,0,0.13590599596500397,0,1
B36,mixamorig_RightUpLeg,0,-0.9876503944396973,-0.016422001644968987,-0.15578040480613708,0,0.029973648488521576,-0.995879590511322,-0.08500824868679047,0,-0.15377213060855865,-0.0886271521449089,0.9840773344039917,0,-0.17371000349521637,-0.13477300107479095,0.007209999952465296,1
B37,mixamorig_RightLeg,36,0.9789116382598877,0.06073162704706192,-0.19503633677959442,0,-0.07287005335092545,0.9955952763557434,-0.05569344758987427,0,0.1908373236656189,0.06873342394828796,0.9790219664573669,0,0,0.6340240240097046,0,1
B38,mixamorig_RightFoot,37,0.9377924799919128,0.04163172468543053,-0.3445645272731781,0,0.26911312341690063,0.5400121212005615,0.7973833084106445,0,0.2192278802394867,-0.8405298590660095,0.4952106177806854,0,0,0.2839429974555969,0,1
B39,mixamorig_RightToeBase,38,0.9840549826622009,0.0022120000794529915,0.17785200476646423,0,-0.12904100120067596,0.6970490217208862,0.7053160071372986,0,-0.12241200357675552,-0.7170199751853943,0.6862199902534485,0,0,0.36855998635292053,0,1
B40,mixamorig_RightToe_End,39,1,0,0,0,0,1,0,0,0,0,1,0,0,0.1353980004787445,0,1
@34,0,1,2,3,4,5,7,8,9,10,11,12,13,15,16,17,19,20,21,22,23,24,25,27,28,29,31,32,33,34,36,37,38,39
K0.000,0.9945129752159119,-0.04433000087738037,0.09475699812173843,0,0.050227001309394836,0.9968870282173157,-0.06078200042247772,0,-0.09176699817180634,0.06520800292491913,0.9936429858207703,0,0.00599699979647994,1.274988055229187,-0.01260599959641695,1,0.999110996723175,0.03399600088596344,-0.024924999102950096,0,-0.0326090008020401,0.9980019927024841,0.054113999009132385,0,0.026714999228715897,-0.05325299873948097,0.9982240200042725,0,0,0.24264900386333466,-0.0011239999439567327,1,0.9996150135993958,0.027235999703407288,-0.005249999929219484,0,-0.027124999091029167,0.9994270205497742,0.020253999158740044,0,0.005799000151455402,-0.020104000344872475,0.9997810125350952,0,0,0.28309398889541626,0,1,0.9996110200881958,0.027296999469399452,-0.005646999925374985,0,-0.02717999927699566,0.9994339942932129,0.01981399953365326,0,0.006184000056236982,-0.019652999937534332,0.9997879862785339,0,0,0.3235360085964203,0,1,0.9999679923057556,0.007751999888569117,0.002185000106692314,0,-0.007935999892652035,0.994687020778656,0.10263600200414658,0,-0.0013780000153928995,-0.1026500016450882,0.994717001914978,0,0,0.36397799849510193,0,1,0.9997109770774841,-0.0045540002174675465,-0.023615000769495964,0,0.0014059999957680702,0.9912949800491333,-0.1316549926996231,0,0.02400900050997734,0.13158400356769562,0.9910140037536621,0,0,0.22355100512504578,-0.0017209999496117234,1,0.29229000210762024,0.0188400000333786,-0.9561439752578735,0,0.8141239881515503,-0.5294790267944336,0.23844200372695923,0,-0.50176602602005,-0.848114013671875,-0.17010000348091125,0,0.10729499906301498,0.3254770040512085,-0.0007459999760612845,1,0.9395760297775269,0.29603201150894165,-0.1719380021095276,0,-0.040637001395225525,0.5951340198516846,0.8025979995727539,0,0.3399209976196289,-0.7471150159835815,0.5712029933929443,0,0,0.22630299627780914,0,1,0.999675989151001,0.025452999398112297,-0.0002849999873433262,0,-0.02545199915766716,0.999675989151001,0.00035700001171790063,0,0.00029399999766610563,-0.0003499999875202775,1,0,0,0.603547990322113,0,1,0.9353010058403015,0.060325998812913895,0.3486729860305786,0,-0.08492399752140045,0.9948300123214722,0.05568299815058708,0,-0.3435109853744507,-0.08169099688529968,0.9355890154838562,0,0,0.44730299711227417,0,1,0.8871819972991943,0.44259798526763916,-0.13043899834156036,0,-0.3948569893836975,0.8744990229606628,0.28167399764060974,0,0.23873700201511383,-0.19839200377464294,0.9506030082702637,0,-0.07047300040721893,0.046045999974012375,0,1,0.8909000158309937,-0.42705100774765015,-0.15467500686645508,0,0.4247640073299408,0.9039639830589294,-0.04923800006508827,0,0.160848006606102,-0.0218339990824461,0.9867380261421204,0,-0.0072730001993477345,0.06695199757814407,0,1,0.9884859919548035,-0.01781499944627285,0.1502629965543747,0,0.05333400145173073,0.9703360199928284,-0.23580500483512878,0,-0.14160500466823578,0.24110400676727295,0.960112988948822,0,0.0019759999122470617,0.09976200014352798,0,1,0.9980670213699341,0.06214100122451782,0.0011919999960809946,0,-0.0616459995508194,0.9873059988021851,0.14637500047683716,0,0.007919000461697578,-0.14616599678993225,0.9892280101776123,0,0,0.077224001288414,0.001614999957382679,1,0.999987006187439,-0.0050039999186992645,-0.0006910000229254365,0,0.004982000216841698,0.9544550180435181,0.29831400513648987,0,-0.0008340000058524311,-0.2983129918575287,0.9544680118560791,0,0.0027910000644624233,0.15535999834537506,0,1,0.9994530081748962,0.03304100036621094,-0.0013020000187680125,0,-0.03253600001335144,0.989657998085022,0.13971099257469177,0,0.005903999786823988,-0.1395920068025589,0.9901909828186035,0,-0.0024949999060481787,0.1215599998831749,0,1,0.26693499088287354,-0.019315000623464584,0.9635210037231445,0,-0.7983350157737732,-0.5644659996032715,0.20985600352287292,0,0.539821982383728,-0.8252300024032593,-0.16609600186347961,0,-0.10729499906301498,0.32547199726104736,0.00038899999344721437,1,0.8674460053443909,-0.36161598563194275,0.341717004776001,0,0.017176000401377678,0.7081819772720337,0.7058209776878357,0,-0.4972339868545532,-0.6063920259475708,0.6205210089683533,0,0,0.22630299627780914,0,1,0.9931859970092773,-0.11650300025939941,0.0027660001069307327,0,0.11650100350379944,0.9931899905204773,0.0010029999539256096,0,-0.0028639999218285084,-0.000674000009894371,0.9999960064888,0,0,0.6033920049667358,0,1,0.9897170066833496,-0.023655999451875687,-0.14107300341129303,0,0.037567999213933945,0.994596004486084,0.09678100049495697,0,0.13802100718021393,-0.10108599811792374,0.9852570295333862,0,0,0.44735100865364075,0,1,0.9165210127830505,-0.37038499116897583,0.15101200342178345,0,0.32503101229667664,0.9096879959106445,0.25850000977516174,0,-0.2331179976463318,-0.18783700466156006,0.954135000705719,0,0.08082900196313858,0.04864399880170822,0,1,0.8735640048980713,0.4701420068740845,0.12590700387954712,0,-0.4705750048160553,0.8819100260734558,-0.02816000021994114,0,-0.1242780014872551,-0.03464899957180023,0.9916419982910156,0,0.016913000494241714,0.0735509991645813,0,1,0.9464300274848938,-0.30755698680877686,-0.09837699681520462,0,0.2602590024471283,0.906885027885437,-0.33139801025390625,0,0.19113999605178833,0.28804200887680054,0.9383479952812195,0,0.007259999867528677,0.09258200228214264,0,1,0.9975799918174744,-0.0695049986243248,-0.0017269999952986836,0,0.06915099918842316,0.9893079996109009,0.12840700149536133,0,-0.007216999772936106,-0.1282159984111786,0.9917200207710266,0,0,0.0906049981713295,0.0015170000260695815,1,0.9996960163116455,0.024498000741004944,0.0029349999967962503,0,-0.02425999939441681,0.9543070197105408,0.29784101247787476,0,0.004495999775826931,-0.2978219985961914,0.9546110033988953,0,-0.0036200000904500484,0.1508300006389618,0,1,0.9977449774742126,-0.0670970007777214,0.0019340000580996275,0,0.06617099791765213,0.9880030155181885,0.13953900337219238,0,-0.01127300038933754,-0.13909600675106049,0.990215003490448,0,0.0046179997734725475,0.1185230016708374,0,1,-0.9448149800300598,-0.18200699985027313,0.27239298820495605,0,0.20892100036144257,-0.9751999974250793,0.07305300235748291,0,0.25234198570251465,0.12592999637126923,0.9594089984893799,0,0.17371000349521637,-0.13477300107479095,0.006407999899238348,1,0.9984560012817383,-0.03212999925017357,0.04531300067901611,0,0.044916000217199326,0.9469370245933533,-0.31826499104499817,0,-0.03268200159072876,0.3198089897632599,0.9469180107116699,0,0,0.634103000164032,0,1,0.9446640014648438,-0.14718599617481232,0.293164998292923,0,-0.17587999999523163,0.5271260142326355,0.8313869833946228,0,-0.27690398693084717,-0.8369429707527161,0.47207000851631165,0,0,0.28386300802230835,0,1,0.9812849760055542,-0.0009840000420808792,-0.19255700707435608,0,0.13410000503063202,0.7211260199546814,0.6797009706497192,0,0.13819000124931335,-0.6928030252456665,0.7077630162239075,0,0,0.36601200699806213,0,1,-0.9863190054893494,0.0018070000223815441,-0.1648389995098114,0,0.019838999956846237,-0.9913719892501831,-0.12957000732421875,0,-0.1636510044336319,-0.13106800615787506,0.9777730107307434,0,-0.17371000349521637,-0.13477300107479095,0.007209999952465296,1,0.9797750115394592,0.06829500198364258,-0.18808700144290924,0,-0.07631299644708633,0.9964439868927002,-0.035711999982595444,0,0.18498000502586365,0.04934300109744072,0.9815030097961426,0,0,0.6340240240097046,0,1,0.9500570297241211,0.035436000674963,-0.3100590109825134,0,0.24432499706745148,0.5336660146713257,0.8096330165863037,0,0.19415800273418427,-0.8449530005455017,0.4983550012111664,0,0,0.2839429974555969,0,1,0.9840549826622009,0.0022120000794529915,0.17785200476646423,0,-0.12904100120067596,0.6970490217208862,0.7053160071372986,0,-0.12241200357675552,-0.7170199751853943,0.6862199902534485,0,0,0.36855998635292053,0,1
K0.033,0.9934219717979431,-0.04417099058628082,0.10565213859081268,0,0.04977698251605034,0.9974560141563416,-0.05102287977933884,0,-0.10313014686107635,0.05594588443636894,0.9930930137634277,0,0.008496034890413284,1.2756459712982178,-0.012665001675486565,1,0.9989429712295532,0.036244019865989685,-0.028274018317461014,0,-0.034639015793800354,0.997868001461029,0.0553080216050148,0,0.03021802008152008,-0.05427102372050285,0.9980689883232117,0,0,0.24264900386333466,-0.0011239999439567327,1,0.9995980262756348,0.027618005871772766,-0.006337003782391548,0,-0.02748100459575653,0.9994069933891296,0.02075100876390934,0,0.006906004156917334,-0.020569009706377983,0.9997649788856506,0,0,0.28309398889541626,0,1,0.99959397315979,0.027681006118655205,-0.006732003763318062,0,-0.027539003640413284,0.9994140267372131,0.02030900865793228,0,0.007291004061698914,-0.02011500857770443,0.999770998954773,0,0,0.3235360085964203,0,1,0.9999780058860779,0.006384995300322771,0.0020269909873604774,0,-0.0065549942664802074,0.9950330257415771,0.09932996332645416,0,-0.0013829916715621948,-0.09934096038341522,0.9950519800186157,0,0,0.36397799849510193,0,1,0.999638020992279,-0.010200067423284054,-0.024890052154660225,0,0.006600056309252977,0.9900339841842651,-0.14067108929157257,0,0.026077061891555786,0.14045609533786774,0.9897429943084717,0,0,0.22355100512504578,-0.0017209999496117234,1,0.29353898763656616,0.02040902152657509,-0.9557290077209473,0,0.8153650760650635,-0.5272359251976013,0.23916900157928467,0,-0.4990139305591583,-0.8494740128517151,-0.17140500247478485,0,0.10729499906301498,0.3254770040512085,-0.0007459999760612845,1,0.9327969551086426,0.3169422149658203,-0.1715729832649231,0,-0.05862318351864815,0.6031530499458313,0.7954679131507874,0,0.3556021451950073,-0.731951892375946,0.581200122833252,0,0,0.22630299627780914,0,1,0.9996150135993958,0.02775801531970501,-0.0003560004406608641,0,-0.02775801531970501,0.9996150135993958,0.0003910002124030143,0,0.00036700046621263027,-0.0003810001944657415,1,0,0,0.603547990322113,0,1,0.9366400241851807,0.05425793677568436,0.34606602787971497,0,-0.07896792888641357,0.9952059984207153,0.05769696086645126,0,-0.34127604961395264,-0.08136893808841705,0.9364339709281921,0,0,0.44730299711227417,0,1,0.8871819972991943,0.44259798526763916,-0.13043899834156036,0,-0.3948569893836975,0.8744980096817017,0.2816750109195709,0,0.23873700201511383,-0.19839200377464294,0.9506019949913025,0,-0.07047300040721893,0.046045999974012375,0,1,0.8895940184593201,-0.4286390542984009,-0.1577710211277008,0,0.427060067653656,0.9030759930610657,-0.04553394764661789,0,0.1619970053434372,-0.02687106467783451,0.98642498254776,0,-0.0072730001993477345,0.06695199757814407,0,1,0.9885759949684143,-0.016425959765911102,0.14982296526432037,0,0.05173295736312866,0.970632016658783,-0.23493905365467072,0,-0.14156398177146912,0.24000604450702667,0.960394024848938,0,0.0019759999122470617,0.09976200014352798,0,1,0.9981560111045837,0.0606989748775959,0.0007339895819313824,0,-0.06006097048521042,0.9857630133628845,0.15704917907714844,0,0.008810016326606274,-0.1568031758069992,0.987591028213501,0,0,0.077224001288414,0.001614999957382679,1,0.999987006187439,-0.004991999827325344,-0.0006890000076964498,0,0.004970000125467777,0.9544219970703125,0.29841798543930054,0,-0.0008319999906234443,-0.29841798543930054,0.9544349908828735,0,0.0027910000644624233,0.15535999834537506,0,1,0.9994530081748962,0.03305400162935257,-0.0013000000035390258,0,-0.0325470007956028,0.9896420240402222,0.13981899619102478,0,0.0059079998172819614,-0.1396999955177307,0.9901760220527649,0,-0.0024949999060481787,0.1215599998831749,0,1,0.26667100191116333,-0.01884499564766884,0.9636030197143555,0,-0.7984780073165894,-0.5642319917678833,0.20993900299072266,0,0.5397390127182007,-0.8254010081291199,-0.16551198065280914,0,-0.10729499906301498,0.32547199726104736,0.00038899999344721437,1,0.8737930655479431,-0.34623080492019653,0.341482013463974,0,0.01620396599173546,0.722547173500061,0.6911318302154541,0,-0.4860278367996216,-0.5983729362487793,0.6369671821594238,0,0,0.22630299627780914,0,1,0.9881269335746765,-0.15359248220920563,0.0038970145396888256,0,0.1535874754190445,0.98813396692276,0.001413005986250937,0,-0.0040670158341526985,-0.0007980009540915489,0.9999909996986389,0,0,0.6033920049667358,0,1,0.990634024143219,-0.01880600117146969,-0.13524293899536133,0,0.026912931352853775,0.9979320168495178,0.05836949497461319,0,0.13386595249176025,-0.061462488025426865,0.9890919923782349,0,0,0.44735100865364075,0,1,0.9165210127830505,-0.37038499116897583,0.15101200342178345,0,0.32503101229667664,0.9096879959106445,0.25850000977516174,0,-0.2331179976463318,-0.18783700466156006,0.954135000705719,0,0.08082900196313858,0.04864399880170822,0,1,0.878178060054779,0.4605138897895813,0.12934404611587524,0,-0.46024489402770996,0.8871500492095947,-0.03376206010580063,0,-0.1302950531244278,-0.0298809502273798,0.9910249710083008,0,0.016913000494241714,0.0735509991645813,0,1,0.9465709924697876,-0.30743300914764404,-0.09740599244832993,0,0.260206013917923,0.9065049886703491,-0.33247900009155273,0,0.1905139982700348,0.28936901688575745,0.9380670189857483,0,0.007259999867528677,0.09258200228214264,0,1,0.997418999671936,-0.07171604037284851,-0.0035460270009934902,0,0.07152203470468521,0.9879189729690552,0.13747815787792206,0,-0.006355990190058947,-0.13737615942955017,0.9904990196228027,0,0,0.0906049981713295,0.0015170000260695815,1,0.9996989965438843,0.02435700036585331,0.0029360000044107437,0,-0.02412099950015545,0.9539819955825806,0.298893004655838,0,0.004480000119656324,-0.29887399077415466,0.9542819857597351,0,-0.0036200000904500484,0.1508300006389618,0,1,0.9977359771728516,-0.06723199784755707,0.0019019999308511615,0,0.0662980005145073,0.987841010093689,0.14062200486660004,0,-0.011334000155329704,-0.14017799496650696,0.9900619983673096,0,0.0046179997734725475,0.1185230016708374,0,1,-0.9421330094337463,-0.18036295473575592,0.282585084438324,0,0.20987199246883392,-0.9746419787406921,0.07763306796550751,0,0.26141706109046936,0.13244807720184326,0.9560949206352234,0,0.17371000349521637,-0.13477300107479095,0.006407999899238348,1,0.997937023639679,-0.0410870686173439,0.04933108761906624,0,0.054518088698387146,0.9481250047683716,-0.31318697333335876,0,-0.0339040644466877,0.31522998213768005,0.9484090209007263,0,0,0.634103000164032,0,1,0.9457100033760071,-0.13830392062664032,0.2941170036792755,0,-0.18105104565620422,0.527347981929779,0.8301349878311157,0,-0.2699129283428192,-0.8383179903030396,0.47367799282073975,0,0,0.28386300802230835,0,1,0.9812849760055542,-0.0009840000420808792,-0.19255700707435608,0,0.134101003408432,0.7211260199546814,0.6797009706497192,0,0.13819000124931335,-0.6928030252456665,0.7077630162239075,0,0,0.36601200699806213,0,1,-0.9863790273666382,0.003516028868034482,-0.16444797813892365,0,0.017627939581871033,-0.9917539954185486,-0.12694083154201508,0,-0.16353797912597656,-0.1281108260154724,0.9781829714775085,0,-0.17371000349521637,-0.13477300107479095,0.007209999952465296,1,0.9788770079612732,0.07625600695610046,-0.18969500064849854,0,-0.0779540091753006,0.9969559907913208,-0.001494011958129704,0,0.18900400400161743,0.016250012442469597,0.9818419814109802,0,0,0.6340240240097046,0,1,0.9541240334510803,0.022336993366479874,-0.29857587814331055,0,0.23655089735984802,0.5550880432128906,0.7974470257759094,0,0.1835489422082901,-0.8314919471740723,0.5243390798568726,0,0,0.2839429974555969,0,1,0.9840570092201233,0.0022140000946819782,0.17783799767494202,0,-0.12904100120067596,0.6970040202140808,0.705361008644104,0,-0.12239299714565277,-0.7170640230178833,0.6861780285835266,0,0,0.36855998635292053,0,1
K0.067,0.9918689727783203,-0.043107010424137115,0.11973685771226883,0,0.04808901995420456,0.9980800151824951,-0.03903412073850632,0,-0.11782485246658325,0.04447411373257637,0.9920380115509033,0,0.011929965578019619,1.2761650085449219,-0.012880997732281685,1,0.9988240003585815,0.03805297985672951,-0.030057981610298157,0,-0.03627398610115051,0.9976760149002075,0.05767597630620003,0,0.032182980328798294,-0.05651797726750374,0.9978830218315125,0,0,0.24264900386333466,-0.0011239999439567327,1,0.9995830059051514,0.028089994564652443,-0.006710996385663748,0,-0.027938995510339737,0.9993749856948853,0.021672990173101425,0,0.007315995637327433,-0.02147599123418331,0.9997429847717285,0,0,0.28309398889541626,0,1,0.9995779991149902,0.028158994391560555,-0.0071059963665902615,0,-0.028002995997667313,0.9993820190429688,0.021228991448879242,0,0.007699995767325163,-0.02102098986506462,0.9997490048408508,0,0,0.3235360085964203,0,1,0.9999819993972778,0.005919004790484905,0.0011140090646222234,0,-0.005998005624860525,0.9953789710998535,0.0958380401134491,0,-0.0005410083686001599,-0.09584303945302963,0.9953960180282593,0,0,0.36397799849510193,0,1,0.9994059801101685,-0.016917932778596878,-0.03003394976258278,0,0.01221594400703907,0.9885619878768921,-0.15032191574573517,0,0.032233938574790955,0.14986491203308105,0.9881809949874878,0,0,0.22355100512504578,-0.0017209999496117234,1,0.29368698596954346,0.022568978369235992,-0.9556350111961365,0,0.8184179663658142,-0.5224810838699341,0.23917800188064575,0,-0.4939030706882477,-0.8523520231246948,-0.17191700637340546,0,0.10729499906301498,0.3254770040512085,-0.0007459999760612845,1,0.9259520769119263,0.33692678809165955,-0.17056801915168762,0,-0.07670582085847855,0.6100519299507141,0.7886400818824768,0,0.3697688579559326,-0.7171590924263,0.5907228589057922,0,0,0.22630299627780914,0,1,0.9995740056037903,0.029188985005021095,-0.0004009995609521866,0,-0.029188985005021095,0.9995740056037903,0.00041199979023076594,0,0.0004129995359107852,-0.0003999998152721673,1,0,0,0.603547990322113,0,1,0.9353659749031067,0.04796706512570381,0.3504129648208618,0,-0.07120407372713089,0.9960139989852905,0.05372504144906998,0,-0.3464389443397522,-0.07520405948162079,0.9350529909133911,0,0,0.44730299711227417,0,1,0.8871830105781555,0.44259798526763916,-0.13043899834156036,0,-0.3948560059070587,0.8744990229606628,0.28167399764060974,0,0.23873700201511383,-0.19839200377464294,0.9506030082702637,0,-0.07047300040721893,0.046045999974012375,0,1,0.8870099782943726,-0.4331609308719635,-0.15995098650455475,0,0.43256494402885437,0.9006980061531067,-0.04037505388259888,0,0.16155700385570526,-0.03337693586945534,0.9862989783287048,0,-0.0072730001993477345,0.06695199757814407,0,1,0.9890329837799072,-0.012265040539205074,0.1471860259771347,0,0.04777004197239876,0.9695469737052917,-0.24020293354988098,0,-0.13975802063941956,0.24459995329380035,0.9594990015029907,0,0.0019759999122470617,0.09976200014352798,0,1,0.9983119964599609,0.05807902663946152,-0.00030698967748321593,0,-0.0571330301463604,0.9829750061035156,0.1746298223733902,0,0.010443984530866146,-0.17431782186031342,0.9846339821815491,0,0,0.077224001288414,0.001614999957382679,1,0.999987006187439,-0.004989999812096357,-0.0006890000076964498,0,0.00496899988502264,0.9544180035591125,0.29843100905418396,0,-0.0008319999906234443,-0.29843100905418396,0.9544309973716736,0,0.0027910000644624233,0.15535999834537506,0,1,0.9994530081748962,0.03305500000715256,-0.0013000000035390258,0,-0.03254900127649307,0.9896399974822998,0.139833003282547,0,0.0059090000577270985,-0.13971400260925293,0.9901739954948425,0,-0.0024949999060481787,0.1215599998831749,0,1,0.2661750018596649,-0.018565000966191292,0.9637460112571716,0,-0.7994179725646973,-0.5628970265388489,0.20994600653648376,0,0.5385919809341431,-0.8263189792633057,-0.16467101871967316,0,-0.10729499906301498,0.32547199726104736,0.00038899999344721437,1,0.8820879459381104,-0.3257431983947754,0.3403109908103943,0,0.012906032614409924,0.738838791847229,0.6737581491470337,0,-0.47090715169906616,-0.5899220705032349,0.6559247970581055,0,0,0.22630299627780914,0,1,0.9795050621032715,-0.2013465166091919,0.005338985472917557,0,0.201338529586792,0.9795200824737549,0.002006994094699621,0,-0.005633984692394733,-0.0008909990428946912,0.9999840259552002,0,0,0.6033920049667358,0,1,0.9913740158081055,-0.018914997577667236,-0.12969206273555756,0,0.020105067640542984,0.999767005443573,0.007871502079069614,0,0.12951304018497467,-0.010410507209599018,0.991523027420044,0,0,0.44735100865364075,0,1,0.9165210127830505,-0.37038499116897583,0.15101200342178345,0,0.32503101229667664,0.9096879959106445,0.25850099325180054,0,-0.2331179976463318,-0.18783800303936005,0.954135000705719,0,0.08082900196313858,0.04864399880170822,0,1,0.883324921131134,0.4494241178035736,0.13324595987796783,0,-0.44836610555648804,0.8929739594459534,-0.039559945464134216,0,-0.13676394522190094,-0.02479805052280426,0.990293025970459,0,0.016913000494241714,0.0735509991645813,0,1,0.9467340111732483,-0.3072820007801056,-0.09629300981760025,0,0.260140985250473,0.9060680270195007,-0.3337180018424988,0,0.18979400396347046,0.29089197516441345,0.9377419948577881,0,0.007259999867528677,0.09258200228214264,0,1,0.9971510171890259,-0.07517196238040924,-0.006243973039090633,0,0.07523996382951736,0.9853349924087524,0.15314584970474243,0,-0.005360009614378214,-0.1531788408756256,0.9881839752197266,0,0,0.0906049981713295,0.0015170000260695815,1,0.9997000098228455,0.024309000000357628,0.0029360000044107437,0,-0.024073999375104904,0.95387202501297,0.29924699664115906,0,0.004474000073969364,-0.2992280125617981,0.9541710019111633,0,-0.0036200000904500484,0.1508300006389618,0,1,0.9977319836616516,-0.06728100031614304,0.001891000079922378,0,0.06634200364351273,0.9877830147743225,0.14100900292396545,0,-0.011354999616742134,-0.1405639946460724,0.9900060296058655,0,0.0046179997734725475,0.1185230016708374,0,1,-0.9402899742126465,-0.17615704238414764,0.2912449240684509,0,0.20874100923538208,-0.9743030071258545,0.08462592959403992,0,0.26885393261909485,0.14036792516708374,0.9528980851173401,0,0.17371000349521637,-0.13477300107479095,0.006407999899238348,1,0.9971629977226257,-0.04775993153452873,0.058179911226034164,0,0.0635049119591713,0.9487370252609253,-0.30962103605270386,0,-0.040409937500953674,0.3124370276927948,0.9490789771080017,0,0,0.634103000164032,0,1,0.9466040134429932,-0.13044507801532745,0.29482999444007874,0,-0.1859099566936493,0.5262719988822937,0.8297439813613892,0,-0.26339706778526306,-0.8402510285377502,0.47391998767852783,0,0,0.28386300802230835,0,1,0.9812849760055542,-0.0009840000420808792,-0.19255700707435608,0,0.13410000503063202,0.7211269736289978,0.6797009706497192,0,0.13819000124931335,-0.6928030252456665,0.7077630162239075,0,0,0.36601200699806213,0,1,-0.9866129755973816,0.006390971597284079,-0.16295401751995087,0,0.01173405908048153,-0.9938600063323975,-0.11002016812562943,0,-0.1626560091972351,-0.11045917868614197,0.9804800152778625,0,-0.17371000349521637,-0.13477300107479095,0.007209999952465296,1,0.9789320230484009,0.07679099589586258,-0.18919500708580017,0,-0.07871999591588974,0.9968929886817932,-0.0026869880966842175,0,0.188400998711586,0.017523987218737602,0.981935977935791,0,0,0.6340240240097046,0,1,0.9576259255409241,0.02167900837957859,-0.2871971130371094,0,0.2263420969247818,0.55998694896698,0.7969840168952942,0,0.17810405790805817,-0.8282180428504944,0.5313519239425659,0,0,0.2839429974555969,0,1,0.984063982963562,0.0022189998999238014,0.17780199646949768,0,-0.129039004445076,0.6968839764595032,0.7054799795150757,0,-0.12234099954366684,-0.7171810269355774,0.6860640048980713,0,0,0.36855998635292053,0,1
