0.967,30,29,41
B0,mixamorig_Hips,-1,0.9822822213172913,0.17576950788497925,-0.04945948347449303,0,-0.17879898846149445,0.9806907176971436,-0.07036807388067245,0,0.03636489063501358,0.07892719656229019,0.9958950877189636,0,-0.07832156866788864,2.3440754413604736,0.06751178950071335,1
B1,mixamorig_Spine,0,0.9668808579444885,-0.20849183201789856,0.14639316499233246,0,0.15813802182674408,0.9414750933647156,0.2963196337223053,0,-0.19929556548595428,-0.26350289583206177,0.9435449242591858,0,0,0.19905999302864075,-0.0011579999700188637,1
B2,mixamorig_Spine1,1,0.9998485445976257,-0.011351265013217926,-0.012270169332623482,0,0.013347885571420193,0.9846864342689514,0.17260557413101196,0,0.010205492377281189,-0.17273765802383423,0.9847061634063721,0,0,0.23224100470542908,0,1
B3,mixamorig_Spine2,2,0.9998564124107361,-0.01220319140702486,-0.011211221106350422,0,0.014950231648981571,0.9588237404823303,0.28166547417640686,0,0.007391252089291811,-0.28178849816322327,0.958874523639679,0,0,0.26541799306869507,0,1
B4,mixamorig_Neck,3,0.9990463256835938,-0.04271579161286354,-0.008849501609802246,0,0.04349653422832489,0.989557683467865,0.13442721962928772,0,0.0030642382334917784,-0.13468697667121887,0.9904746413230896,0,0,0.29859501123428345,0,1
B5,mixamorig_Head,4,0.9934473633766174,-0.06014183536171913,0.09225255995988846,0,0.0764012485742569,0.9787225723266602,-0.18937209248542786,0,-0.07874352484941483,0.1948520392179489,0.9771483540534973,0,0,0.25615599751472473,-0.001972000114619732,1
B6,mixamorig_HeadTop_End,5,1,0,0,0,0,1,0,0,0,0,1,0,0,1.0253880023956299,-0.0078940000385046,1
B7,mixamorig_LeftShoulder,3,0.007046648301184177,0.15154893696308136,-0.987941324710846,0,0.8826442956924438,-0.4649198651313782,-0.06508894264698029,0,-0.4698500633239746,-0.8718068599700928,-0.13700982928276062,0,0.10670299828052521,0.2583580017089844,-0.0008490000036545098,1
B8,mixamorig_LeftArm,7,0.7472700476646423,0.010049710050225258,-0.6562904119491577,0,0.37189242243766785,0.8158145546913147,0.4368130564689636,0,0.5410747528076172,-0.5779231786727905,0.6063759922981262,0,0,0.22920699417591095,0,1
B9,mixamorig_LeftForeArm,8,0.8741763234138489,0.4839561879634857,0.013877592980861664,0,-0.4840451180934906,0.8742299675941467,0.003708129981532693,0,-0.010319311171770096,-0.009989038109779358,0.9998961091041565,0,0,0.5154240131378174,0,1
B10,mixamorig_LeftHand,9,0.6905549168586731,0.16821104288101196,-0.70260089635849,0,0.05211438611149788,0.946380078792572,0.28304097056388855,0,0.7152301669120789,-0.23219038546085358,0.6425684094429016,0,0,0.5649870038032532,0,1
B11,mixamorig_LeftHandThumb1,10,0.7931680679321289,0.5214219689369202,-0.3108071982860565,0,-0.45468848943710327,0.8500000238418579,0.26546260714530945,0,0.40238216519355774,-0.06858260929584503,0.9117394685745239,0,-0.07104799896478653,0.010923000052571297,0,1
B12,mixamorig_LeftHandThumb2,11,0.9398113489151001,0.325610488653183,-0.10351559519767761,0,-0.29656127095222473,0.9278368949890137,0.2261607050895691,0,0.1696757823228836,-0.18184725940227509,0.9685665965080261,0,-0.012670000083744526,0.0560929998755455,0,1
B13,mixamorig_LeftHandThumb3,12,0.8905532360076904,0.37973877787590027,-0.24724368751049042,0,-0.43695905804634094,0.8640663623809814,-0.24634365737438202,0,0.1196141168475151,0.327932208776474,0.9369454383850098,0,0.004827000200748444,0.09709499776363373,0,1
B14,mixamorig_LeftHandThumb4,13,1,0,0,0,0,1,0,0,0,0,1,0,0.00784400012344122,0.08612599968910217,0,1
B15,mixamorig_LeftHandIndex1,10,0.9637258648872375,0.264506459236145,0.02749522775411606,0,-0.26615259051322937,0.9610406756401062,0.029186969622969627,0,-0.018281210213899612,-0.03546474501490593,0.9966212511062622,0,0,0.05437299981713295,0.0018649999983608723,1
B16,mixamorig_LeftHandIndex2,15,0.9997843503952026,-0.012413878925144672,-0.0001496868790127337,0,0.012406504712998867,0.9702410101890564,0.2077615112066269,0,-0.0004176315269432962,-0.2077571153640747,0.9704573154449463,0,0.002919000107795,0.15194900333881378,0,1
B17,mixamorig_LeftHandIndex3,16,0.9999933838844299,0.002668295055627823,-0.0004218202084302902,0,-0.0026977474335581064,0.9929003715515137,-0.1174858957529068,0,0.00015019584679976106,0.11748722195625305,0.9929069876670837,0,-0.0026110000908374786,0.11923900246620178,0,1
B18,mixamorig_LeftHandIndex4,17,1,0,0,0,0,1,0,0,0,0,1,0,-0.000307999987853691,0.09325099736452103,0,1
B19,mixamorig_RightShoulder,3,-0.03388216346502304,-0.0064566470682621,0.9993271827697754,0,-0.9157959818840027,-0.3998681902885437,-0.03356609493494034,0,0.3998076319694519,-0.9164590835571289,0.007781127467751503,0,-0.10670299828052521,0.25835099816322327,0.0003809999907389283,1
B20,mixamorig_RightArm,19,0.842643678188324,0.2614378333091736,0.4695555865764618,0,-0.47100701928138733,0.7793285846710205,0.41179972887039185,0,-0.25828438997268677,-0.5682539939880371,0.7809800505638123,0,0,0.22920699417591095,0,1
B21,mixamorig_RightForeArm,20,0.8981481790542603,-0.43897518515586853,-0.01248927041888237,0,0.43902555108070374,0.898208498954773,0.0015029661590233445,0,0.010554322972893715,-0.006842939183115959,0.9999206066131592,0,0,0.5153869986534119,0,1
B22,mixamorig_RightHand,21,0.9777055382728577,-0.18807706236839294,0.09284432232379913,0,0.1976962387561798,0.9663299918174744,-0.11500407755374908,0,-0.06887426972389221,0.13090191781520844,0.9819446206092834,0,0,0.5652980208396912,0,1
B23,mixamorig_RightHandThumb1,22,0.8769078850746155,-0.3400247097015381,-0.33962658047676086,0,0.42720311880111694,0.8751224875450134,0.2263871133327484,0,0.22024838626384735,-0.3436104357242584,0.9126591682434082,0,0.07763200253248215,0.004362000152468681,0,1
B24,mixamorig_RightHandThumb2,23,0.9319927096366882,-0.3520442545413971,-0.08626151829957962,0,0.36243128776550293,0.9021686911582947,0.23392298817634583,0,-0.00452222116291523,-0.24928057193756104,0.9684188365936279,0,0.019303999841213226,0.05913199856877327,0,1
B25,mixamorig_RightHandThumb3,24,0.6386650204658508,-0.624547004699707,0.4494990110397339,0,0.7688689827919006,0.5413269996643066,-0.3403019905090332,0,-0.03079099953174591,0.5629439949989319,0.8259209990501404,0,0.0044109998270869255,0.0886939987540245,0,1
B26,mixamorig_RightHandThumb4,25,1,0,0,0,0,1,0,0,0,0,1,0,-0.023715000599622726,0.07322599738836288,0,1
B27,mixamorig_RightHandIndex1,22,0.9383990168571472,-0.33845698833465576,0.06966999918222427,0,0.34459200501441956,0.9015430212020874,-0.261680006980896,0,0.025756999850273132,0.26956799626350403,0.9626370072364807,0,0,0.06708300113677979,0.0015930000226944685,1
B28,mixamorig_RightHandIndex2,27,0.999716579914093,0.023577606305480003,0.002991151064634323,0,-0.02337874285876751,0.9527354836463928,0.30277368426322937,0,0.004278961569070816,-0.3027580678462982,0.9530181884765625,0,-0.003754999954253435,0.14858399331569672,0,1
B29,mixamorig_RightHandIndex3,28,0.9971020221710205,-0.07607066631317139,0.0007989999721758068,0,0.07478900253772736,0.9821230173110962,0.1727466583251953,0,-0.013926000334322453,-0.1721860021352768,0.984965980052948,0,0.004786999896168709,0.11687300354242325,0,1
B30,mixamorig_RightHandIndex4,29,1,0,0,0,0,1,0,0,0,0,1,0,-0.001032999949529767,0.09092800319194794,0,1
B31,mixamorig_LeftUpLeg,0,-0.9921597838401794,-0.0612977035343647,0.08973963558673859,0,0.10876481980085373,-0.4022074043750763,0.9059717059135437,0,-0.016513075679540634,0.9104095101356506,0.4081338346004486,0,0.17309999465942383,-0.11091700196266174,0.006450999993830919,1
B32,mixamorig_LeftLeg,31,0.9996514916419983,0.017629187554121017,-0.011207401752471924,0,-0.006272967904806137,-0.32550284266471863,-0.9398095607757568,0,-0.02099798247218132,0.9395571947097778,-0.32538968324661255,0,0,0.6486650109291077,0,1
B33,mixamorig_LeftFoot,32,0.9572784304618835,-0.22221916913986206,0.183282732963562,0,-0.15232449769973755,0.1417074054479599,0.9751163721084595,0,-0.2415718287229538,-0.9618861675262451,0.10237684845924377,0,0,0.5053960084915161,0,1
B34,mixamorig_LeftToeBase,33,0.9866912961006165,-0.002840824658051133,-0.15904220938682556,0,0.08577675372362137,0.8211683034896851,0.5430892705917358,0,0.1321144551038742,-0.5501910448074341,0.8100309371948242,0,0,0.3660539984703064,0,1
B35,mixamorig_LeftToe_End,34,1,0,0,0,0,1,0,0,0,0,1,0,0,0.13590599596500397,0,1
B36,mixamorig_RightUpLeg,0,-0.9702776074409485,0.09429341554641724,-0.2157648503780365,0,-0.22054316103458405,-0.6852461099624634,0.692160427570343,0,-0.08311856538057327,0.720413327217102,0.6882494688034058,0,-0.17309999465942383,-0.11091700196266174,0.0049430001527071,1
B37,mixamorig_RightLeg,36,0.9991403222084045,-0.017643826082348824,-0.032312244176864624,0,-0.004753438290208578,0.8146154284477234,-0.5795642137527466,0,0.03644393011927605,0.579307496547699,0.8138020634651184,0,0,0.6483910083770752,0,1
B38,mixamorig_RightFoot,37,0.8756138682365417,0.19908538460731506,-0.43970903754234314,0,0.07865509390830994,0.840033769607544,0.535561203956604,0,0.4758341312408447,-0.5036559104919434,0.7199400067329407,0,0,0.505403995513916,0,1
B39,mixamorig_RightToeBase,38,0.9973698854446411,0.012426934204995632,0.07131604850292206,0,-0.06596781313419342,0.5602022409439087,0.8255723118782043,0,-0.029724251478910446,-0.8281131386756897,0.5595443844795227,0,0,0.36788201332092285,0,1
B40,mixamorig_RightToe_End,39,1,0,0,0,0,1,0,0,0,0,1,0,0,0.1353980004787445,0,1
@34,0,1,2,3,4,5,7,8,9,10,11,12,13,15,16,17,19,20,21,22,23,24,25,27,28,29,31,32,33,34,36,37,38,39
K0.000,0.9514790177345276,0.1560640037059784,-0.2651990056037903,0,-0.04871099814772606,0.9273660182952881,0.37097200751304626,0,0.3038319945335388,-0.340054988861084,0.8899710178375244,0,-0.005073000211268663,1.271841049194336,0.013519000262022018,1,0.9793519973754883,-0.06106700003147125,0.19271600246429443,0,0.009903999976813793,0.9666330218315125,0.2559730112552643,0,-0.20191800594329834,-0.24877899885177612,0.9472789764404297,0,0,0.19905999302864075,-0.0011579999700188637,1,0.998511016368866,-0.013892999850213528,0.05275300145149231,0,0.012835999950766563,0.9997109770774841,0.020312000066041946,0,-0.05302000045776367,-0.01960499957203865,0.9984009861946106,0,0,0.23224100470542908,0,1,0.9985520243644714,-0.01355000026524067,0.05205700173974037,0,0.012474999763071537,0.9997040033340454,0.020906999707221985,0,-0.052324000746011734,-0.02022700011730194,0.9984250068664551,0,0,0.26541799306869507,0,1,0.9992690086364746,-0.02727000042796135,-0.026778999716043472,0,0.02375900000333786,0.9920399785041809,-0.12366200238466263,0,0.029937999323010445,0.12293499708175659,0.9919630289077759,0,0,0.29859501123428345,0,1,0.9948019981384277,0.0925770029425621,0.042410001158714294,0,-0.06650599837303162,0.9060729742050171,-0.41786301136016846,0,-0.07711099833250046,0.41286998987197876,0.9075199961662292,0,0,0.25615599751472473,-0.001972000114619732,1,0.17205999791622162,0.0029279999434947968,-0.9850819706916809,0,0.7874829769134521,-0.6011980175971985,0.13575999438762665,0,-0.5918319821357727,-0.799094021320343,-0.1057479977607727,0,0.10670299828052521,0.2583580017089844,-0.0008490000036545098,1,0.8504840135574341,0.4302549958229065,0.30258598923683167,0,-0.5048519968986511,0.8291829824447632,0.2399580031633377,0,-0.14765599370002747,-0.35684099793434143,0.9224219918251038,0,0,0.22920699417591095,0,1,-0.1973239928483963,0.9795899987220764,0.03830200061202049,0,-0.9803280234336853,-0.19699500501155853,-0.012229000218212605,0,-0.004433999769389629,-0.03996200114488602,0.9991909861564636,0,0,0.5154240131378174,0,1,0.6510469913482666,0.12716999650001526,-0.7483090162277222,0,-0.29403701424598694,0.9511430263519287,-0.09417899698019028,0,0.699770987033844,0.28134599328041077,0.6566309928894043,0,0,0.5649870038032532,0,1,0.9080579876899719,0.4111950099468231,-0.07968000322580338,0,-0.38481301069259644,0.8941569924354553,0.2289160043001175,0,0.1653749942779541,-0.17720699310302734,0.9701799750328064,0,-0.07104799896478653,0.010923000052571297,0,1,0.991316020488739,-0.0661349967122078,-0.11365800350904465,0,0.09759999811649323,0.9492819905281067,0.29889601469039917,0,0.08812599629163742,-0.30739301443099976,0.9474930167198181,0,-0.012670000083744526,0.0560929998755455,0,1,0.919588029384613,0.38413700461387634,-0.0824429988861084,0,-0.3843480050563812,0.8360750079154968,-0.39147698879241943,0,-0.08145300298929214,0.39168399572372437,0.9164869785308838,0,0.004827000200748444,0.09709499776363373,0,1,0.9635149836540222,0.1552879959344864,0.21800300478935242,0,-0.2651819884777069,0.44336700439453125,0.8562150001525879,0,0.03630499914288521,-0.882785975933075,0.4683699905872345,0,0,0.05437299981713295,0.0018649999983608723,1,0.9950550198554993,0.08636599779129028,0.04906199872493744,0,-0.08536099642515182,0.49096500873565674,0.8669869899749756,0,0.050790999084711075,-0.8668879866600037,0.4959090054035187,0,0.002919000107795,0.15194900333881378,0,1,0.9951689839363098,0.09604199975728989,0.02038400061428547,0,-0.09062600135803223,0.8187010288238525,0.5670239925384521,0,0.037769000977277756,-0.5661309957504272,0.8234490156173706,0,-0.0026110000908374786,0.11923900246620178,0,1,-0.05144499987363815,-0.01231400016695261,0.9986000061035156,0,-0.8608859777450562,-0.5062770247459412,-0.05059399828314781,0,0.5061910152435303,-0.8622829914093018,0.015444999560713768,0,-0.10670299828052521,0.25835099816322327,0.0003809999907389283,1,0.707485020160675,0.4696179926395416,0.528132975101471,0,-0.7023569941520691,0.5501980185508728,0.45163699984550476,0,-0.07848100364208221,-0.6904640197753906,0.7190960049629211,0,0,0.22920699417591095,0,1,0.41227200627326965,-0.9106789827346802,-0.02639400027692318,0,0.9109339714050293,0.4125249981880188,-0.004761999938637018,0,0.015224999748170376,-0.02208000048995018,0.9996399879455566,0,0,0.5153869986534119,0,1,0.8494470119476318,-0.1065870001912117,0.5167970061302185,0,0.28998899459838867,0.9125279784202576,-0.2884419858455658,0,-0.4408470094203949,0.394881010055542,0.8060539960861206,0,0,0.5652980208396912,0,1,0.9297890067100525,-0.277442991733551,0.24190600216388702,0,0.30623799562454224,0.9476749897003174,-0.09016299992799759,0,-0.20423300564289093,0.15791399776935577,0.9661020040512085,0,0.07763200253248215,0.004362000152468681,0,1,0.9942060112953186,0.09903799742460251,-0.04178500175476074,0,-0.0703049972653389,0.8931710124015808,0.4441879987716675,0,0.08131299912929535,-0.43867599964141846,0.8949589729309082,0,0.019303999841213226,0.05913199856877327,0,1,0.8659960031509399,-0.4068849980831146,0.29068100452423096,0,0.49332499504089355,0.7901960015296936,-0.3636209964752197,0,-0.08174300193786621,0.45829498767852783,0.8850330114364624,0,0.0044109998270869255,0.0886939987540245,0,1,0.9435529708862305,-0.3036940097808838,-0.13220299780368805,0,0.3309060037136078,0.8468829989433289,0.4162830114364624,0,-0.014462999999523163,-0.4365310072898865,0.899573028087616,0,0,0.06708300113677979,0.0015930000226944685,1,0.992576003074646,-0.0987749993801117,-0.07096999883651733,0,0.0894479975104332,0.19742900133132935,0.9762279987335205,0,-0.08241599798202515,-0.9753280282020569,0.20479899644851685,0,-0.003754999954253435,0.14858399331569672,0,1,0.9924399852752686,-0.12110599875450134,-0.019915999844670296,0,0.1145860031247139,0.8561440110206604,0.5038719773292542,0,-0.043970998376607895,-0.5023450255393982,0.863548994064331,0,0.004786999896168709,0.11687300354242325,0,1,-0.9994779825210571,0.008839000016450882,-0.031063999980688095,0,-0.02035900019109249,-0.9190980195999146,0.39350199699401855,0,-0.02507299929857254,0.39392900466918945,0.9187989830970764,0,0.17309999465942383,-0.11091700196266174,0.006450999993830919,1,0.9895319938659668,-0.1074260026216507,-0.0963670015335083,0,-0.024288000538945198,0.534263014793396,-0.8449689745903015,0,0.14225700497627258,0.8384649753570557,0.5260609984397888,0,0,0.6486650109291077,0,1,0.9648789763450623,-0.20271499454975128,0.16707700490951538,0,-0.19818800687789917,-0.14428499341011047,0.9694859981536865,0,-0.17242200672626495,-0.9685500264167786,-0.1793929934501648,0,0,0.5053960084915161,0,1,0.9951300024986267,-0.005185999907553196,-0.09843400120735168,0,0.07842499762773514,0.6466159820556641,0.7587739825248718,0,0.059714000672101974,-0.762798011302948,0.6438739895820618,0,0,0.3660539984703064,0,1,-0.9436560273170471,0.08694799989461899,-0.3193010091781616,0,-0.3280569911003113,-0.3726089894771576,0.8680670261383057,0,-0.043497998267412186,0.9239060282707214,0.38013899326324463,0,-0.17309999465942383,-0.11091700196266174,0.0049430001527071,1,0.9996370077133179,0.01676500029861927,-0.0210999995470047,0,-0.0076299998909235,-0.5748339891433716,-0.8182340264320374,0,-0.025846000760793686,0.8180980086326599,-0.5744979977607727,0,0,0.6483910083770752,0,1,0.9251959919929504,-0.22693699598312378,-0.30415698885917664,0,0.3662259876728058,0.3238939940929413,0.8723369836807251,0,-0.09945099800825119,-0.9184730052947998,0.3827750086784363,0,0,0.505403995513916,0,1,0.9935280084609985,0.00203300011344254,0.11356599628925323,0,-0.08120699971914291,0.7117739915847778,0.6976990103721619,0,-0.07941500097513199,-0.7024059891700745,0.7073330283164978,0,0,0.36788201332092285,0,1
K0.033,0.9714539647102356,-0.046083662658929825,-0.23270907998085022,0,0.09346628189086914,0.9759550094604492,0.19691260159015656,0,0.21803906559944153,-0.2130417376756668,0.9524033665657043,0,-0.0007968916324898601,1.425507664680481,0.006815012544393539,1,0.982958972454071,-0.01348730269819498,0.18332906067371368,0,-0.02445460483431816,0.9788460731506348,0.20313043892383575,0,-0.1821899563074112,-0.20415155589580536,0.9618360996246338,0,0,0.19905999302864075,-0.0011579999700188637,1,0.9993680119514465,0.021259626373648643,0.02849177084863186,0,-0.021405622363090515,0.9997589588165283,0.00484063383191824,0,-0.02838279865682125,-0.005447634030133486,0.9995819926261902,0,0,0.23224100470542908,0,1,0.9994040131568909,0.02036363258957863,0.027882788330316544,0,-0.021101627498865128,0.9994279146194458,0.02642892301082611,0,-0.027328776195645332,-0.027000922709703445,0.9992619752883911,0,0,0.26541799306869507,0,1,0.9991199970245361,-0.03216135501861572,-0.02690795063972473,0,0.02810836210846901,0.9898369908332825,-0.1394008994102478,0,0.031117992475628853,0.13852187991142273,0.989870011806488,0,0,0.29859501123428345,0,1,0.9979889988899231,0.05542541667819023,-0.0307456087321043,0,-0.06131836026906967,0.9670673608779907,-0.24702157080173492,0,0.01604175567626953,0.24840955436229706,0.968522310256958,0,0,0.25615599751472473,-0.001972000114619732,1,0.1759326457977295,0.015952041372656822,-0.9842730760574341,0,0.8838214874267578,-0.4428539574146271,0.15080074965953827,0,-0.43348297476768494,-0.8964524269104004,-0.09201174229383469,0,0.10670299828052521,0.2583580017089844,-0.0008490000036545098,1,0.73716801404953,0.41572630405426025,0.5326855778694153,0,-0.6050784587860107,0.7570346593856812,0.24653494358062744,0,-0.300770103931427,-0.5040540099143982,0.8096087574958801,0,0,0.22920699417591095,0,1,-0.125542551279068,0.9913750886917114,0.03760899603366852,0,-0.9920710325241089,-0.12522955238819122,-0.01057199016213417,0,-0.005771007854491472,-0.03863799199461937,0.9992370009422302,0,0,0.5154240131378174,0,1,0.55318284034729,0.058854300528764725,-0.8309780955314636,0,-0.22982923686504364,0.9695711135864258,-0.08432725816965103,0,0.8007292747497559,0.23763151466846466,0.5498757362365723,0,0,0.5649870038032532,0,1,0.9080579876899719,0.4111950099468231,-0.07968000322580338,0,-0.38481301069259644,0.8941569924354553,0.2289160043001175,0,0.1653749942779541,-0.17720699310302734,0.9701799750328064,0,-0.07104799896478653,0.010923000052571297,0,1,0.991316020488739,-0.0661339983344078,-0.11365800350904465,0,0.09759999811649323,0.9492819905281067,0.29889601469039917,0,0.08812599629163742,-0.30739301443099976,0.9474930167198181,0,-0.012670000083744526,0.0560929998755455,0,1,0.9788790941238403,0.20435397326946259,-0.005888114217668772,0,-0.19497790932655334,0.9245324730873108,-0.32744768261909485,0,-0.06147199496626854,0.32167983055114746,0.944851279258728,0,0.004827000200748444,0.09709499776363373,0,1,0.9582409262657166,0.16019201278686523,0.23688125610351562,0,-0.2762300670146942,0.304266095161438,0.9116573929786682,0,0.07396550476551056,-0.9390214085578918,0.33581018447875977,0,0,0.05437299981713295,0.0018649999983608723,1,0.9950550198554993,0.08636599779129028,0.04906199872493744,0,-0.08536099642515182,0.49096500873565674,0.8669869899749756,0,0.050790999084711075,-0.8668879866600037,0.4959090054035187,0,0.002919000107795,0.15194900333881378,0,1,0.9951689839363098,0.09604199975728989,0.02038400061428547,0,-0.09062600135803223,0.8187010288238525,0.567022979259491,0,0.037769000977277756,-0.5661309957504272,0.8234490156173706,0,-0.0026110000908374786,0.11923900246620178,0,1,-0.05657287687063217,-0.018865078687667847,0.9982200264930725,0,-0.9109565019607544,-0.40821167826652527,-0.0593419075012207,0,0.4086046814918518,-0.9126924872398376,0.005907807964831591,0,-0.10670299828052521,0.25835099816322327,0.0003809999907389283,1,0.5298415422439575,0.4803891181945801,0.6989238262176514,0,-0.8077234029769897,0.5370737910270691,0.2431745082139969,0,-0.25855597853660583,-0.6933810710906982,0.6725854873657227,0,0,0.22920699417591095,0,1,0.48041340708732605,-0.8766820430755615,-0.025117969140410423,0,0.8769090175628662,0.4806413948535919,-0.0036169784143567085,0,0.01524299569427967,-0.02028796076774597,0.9996780157089233,0,0,0.5153869986534119,0,1,0.8999977111816406,-0.06892760843038559,0.43041011691093445,0,0.10742494463920593,0.992035984992981,-0.06575819104909897,0,-0.4224492013454437,0.10541883111000061,0.9002346396446228,0,0,0.5652980208396912,0,1,0.9297890067100525,-0.277442991733551,0.24190500378608704,0,0.30623799562454224,0.9476749897003174,-0.09016299992799759,0,-0.20423300564289093,0.1579129993915558,0.9661020040512085,0,0.07763200253248215,0.004362000152468681,0,1,0.9942060112953186,0.09903799742460251,-0.04178500175476074,0,-0.0703049972653389,0.8931710124015808,0.4441879987716675,0,0.08131299912929535,-0.43867599964141846,0.8949589729309082,0,0.019303999841213226,0.05913199856877327,0,1,0.8659960031509399,-0.4068849980831146,0.2906799912452698,0,0.49332499504089355,0.7901970148086548,-0.3636209964752197,0,-0.08174200356006622,0.45829400420188904,0.8850340247154236,0,0.0044109998270869255,0.0886939987540245,0,1,0.9396719336509705,-0.3065679669380188,-0.15176145732402802,0,0.341230183839798,0.8088828921318054,0.47882139682769775,0,-0.024034254252910614,-0.5017215013504028,0.8646949529647827,0,0,0.06708300113677979,0.0015930000226944685,1,0.9919829964637756,-0.10119805485010147,-0.07568211853504181,0,0.09132203459739685,0.16013510525226593,0.9828611016273499,0,-0.08734511584043503,-0.9818941354751587,0.16809311509132385,0,-0.003754999954253435,0.14858399331569672,0,1,0.9919649958610535,-0.12452007830142975,-0.022382063791155815,0,0.11741006374359131,0.8401426076889038,0.5295045971870422,0,-0.047130078077316284,-0.5278775691986084,0.8480115532875061,0,0.004786999896168709,0.11687300354242325,0,1,-0.9639343619346619,-0.22183986008167267,0.14702929556369781,0,0.22416014969348907,-0.9745510816574097,-0.0008012112812139094,0,0.14346544444561005,0.032186396420001984,0.9891313910484314,0,0.17309999465942383,-0.11091700196266174,0.006450999993830919,1,0.9981409907341003,-0.015741761773824692,-0.058870602399110794,0,-0.020723938941955566,0.8207980990409851,-0.5708420872688293,0,0.057306572794914246,0.5710011124610901,0.8189470767974854,0,0,0.6486650109291077,0,1,0.9203143119812012,-0.23885253071784973,0.30979081988334656,0,-0.20544128119945526,0.37881118059158325,0.9023827314376831,0,-0.3328894078731537,-0.8941199779510498,0.2995554804801941,0,0,0.5053960084915161,0,1,0.9971329569816589,-0.06852832436561584,-0.03209393844008446,0,0.06371022015810013,0.5314381122589111,0.8446982502937317,0,-0.04082966968417168,-0.8443203568458557,0.5342799425125122,0,0,0.3660539984703064,0,1,-0.9690051078796387,-0.00988574419170618,-0.24684426188468933,0,-0.23719525337219238,-0.2420576810836792,0.940822422504425,0,-0.06905132532119751,0.9702112078666687,0.23220960795879364,0,-0.17309999465942383,-0.11091700196266174,0.0049430001527071,1,0.9901829361915588,0.11982128024101257,-0.0719800516963005,0,-0.008241063915193081,-0.46401622891426086,-0.8857883810997009,0,-0.13953626155853271,0.8776853680610657,-0.45847320556640625,0,0,0.6483910083770752,0,1,0.9533903002738953,-0.19486387073993683,-0.23037844896316528,0,0.2998158037662506,0.5257247686386108,0.7960679531097412,0,-0.034008994698524475,-0.8280347585678101,0.5596444606781006,0,0,0.505403995513916,0,1,0.9853909015655518,0.0013891214039176702,0.17030049860477448,0,-0.0856998860836029,0.8681789040565491,0.48879483342170715,0,-0.14717260003089905,-0.49624884128570557,0.8556148409843445,0,0,0.36788201332092285,0,1
K0.067,0.9672260880470276,-0.21204334497451782,-0.13968291878700256,0,0.22162173688411713,0.9734749794006348,0.056835394352674484,0,0.12392593920230865,-0.0859292671084404,0.9885636568069458,0,0.010033891536295414,1.5969942808151245,0.008092987351119518,1,0.9802839756011963,0.05622930824756622,0.18942293524742126,0,-0.08493039757013321,0.9854849576950073,0.14698855578899384,0,-0.17840804159641266,-0.16017843782901764,0.9708309173583984,0,0,0.19905999302864075,-0.0011579999700188637,1,0.9964619874954224,0.08385737240314484,0.005586227867752314,0,-0.08363938331604004,0.995991051197052,-0.03172863647341728,0,-0.008224200457334518,0.031149636954069138,0.9994810223579407,0,0,0.23224100470542908,0,1,0.9964749813079834,0.08363037556409836,0.006607211194932461,0,-0.08374137431383133,0.9963100552558899,0.018789077177643776,0,-0.00501122185960412,-0.019276076927781105,0.9998019933700562,0,0,0.26541799306869507,0,1,0.9974730014801025,-0.06756564974784851,-0.021971048787236214,0,0.06419464200735092,0.9895920157432556,-0.12878909707069397,0,0.030444007366895676,0.1270541250705719,0.9914289712905884,0,0,0.29859501123428345,0,1,0.9957919716835022,-0.0029034202452749014,-0.09159539639949799,0,0.0025653650518506765,0.9999886751174927,-0.003808417357504368,0,0.09160524606704712,0.003557433607056737,0.9957886934280396,0,0,0.25615599751472473,-0.001972000114619732,1,0.14050336182117462,0.02009795978665352,-0.9898759126663208,0,0.932929515838623,-0.33745303750038147,0.12556925415992737,0,-0.33151301741600037,-0.941127598285675,-0.06616325676441193,0,0.10670299828052521,0.2583580017089844,-0.0008490000036545098,1,0.6362460255622864,0.347333699464798,0.6888754367828369,0,-0.6526995301246643,0.7183903455734253,0.24061906337738037,0,-0.41130688786506653,-0.6027220487594604,0.6837772727012634,0,0,0.22920699417591095,0,1,-0.08058944344520569,0.9960559606552124,0.037116002291440964,0,-0.9967259168624878,-0.08028744906187057,-0.009569010697305202,0,-0.0065519921481609344,-0.03776600584387779,0.9992650151252747,0,0,0.5154240131378174,0,1,0.5370022058486938,-0.011167304590344429,-0.8435068726539612,0,-0.1532677561044693,0.9819788932800293,-0.11057473719120026,0,0.8295407295227051,0.18866048753261566,0.5256132483482361,0,0,0.5649870038032532,0,1,0.9080579876899719,0.4111950099468231,-0.07968000322580338,0,-0.38481301069259644,0.8941569924354553,0.2289160043001175,0,0.1653749942779541,-0.17720800638198853,0.9701799750328064,0,-0.07104799896478653,0.010923000052571297,0,1,0.991316020488739,-0.0661349967122078,-0.11365800350904465,0,0.09759999811649323,0.9492819905281067,0.29889601469039917,0,0.08812599629163742,-0.30739301443099976,0.9474930167198181,0,-0.012670000083744526,0.0560929998755455,0,1,0.9916828870773315,-0.0986969918012619,0.08260712027549744,0,0.1133529394865036,0.973752498626709,-0.19737330079078674,0,-0.06095900386571884,0.20509615540504456,0.9768416881561279,0,0.004827000200748444,0.09709499776363373,0,1,0.9513320326805115,0.1620909869670868,0.26209476590156555,0,-0.2818729281425476,0.11392789334058762,0.9526636004447937,0,0.12455850094556808,-0.980176568031311,0.15407180786132812,0,0,0.05437299981713295,0.0018649999983608723,1,0.9950550198554993,0.08636599779129028,0.04906199872493744,0,-0.08536099642515182,0.49096500873565674,0.8669869899749756,0,0.05079000070691109,-0.8668879866600037,0.4959090054035187,0,0.002919000107795,0.15194900333881378,0,1,0.9951689839363098,0.09604199975728989,0.02038400061428547,0,-0.09062500298023224,0.8187010288238525,0.5670239925384521,0,0.037769000977277756,-0.5661309957504272,0.8234490156173706,0,-0.0026110000908374786,0.11923900246620178,0,1,-0.04422912374138832,-0.02660992369055748,0.9986670017242432,0,-0.9594055414199829,-0.2775823175907135,-0.049887094646692276,0,0.2785392701625824,-0.960333526134491,-0.013252809643745422,0,-0.10670299828052521,0.25835099816322327,0.0003809999907389283,1,0.38501742482185364,0.4914768934249878,0.7811601758003235,0,-0.8512095808982849,0.5161991715431213,0.09476947784423828,0,-0.3566570281982422,-0.701418936252594,0.6170955300331116,0,0,0.22920699417591095,0,1,0.6199866533279419,-0.7843028903007507,-0.022026030346751213,0,0.7844728827476501,0.6201616525650024,-0.0014600214781239629,0,0.014805004931986332,-0.01637403853237629,0.9997559785842896,0,0,0.5153869986534119,0,1,0.969704270362854,-0.02943539246916771,0.24249985814094543,0,0.0013760540168732405,0.9933549761772156,0.11507720500230789,0,-0.24427677690982819,-0.11125784367322922,0.9633013606071472,0,0,0.5652980208396912,0,1,0.9297890067100525,-0.277442991733551,0.24190600216388702,0,0.3062390089035034,0.9476749897003174,-0.09016299992799759,0,-0.20423300564289093,0.1579129993915558,0.9661020040512085,0,0.07763200253248215,0.004362000152468681,0,1,0.9942060112953186,0.0990390032529831,-0.04178500175476074,0,-0.0703049972653389,0.8931710124015808,0.4441869854927063,0,0.08131299912929535,-0.43867599964141846,0.8949589729309082,0,0.019303999841213226,0.05913199856877327,0,1,0.8659960031509399,-0.4068849980831146,0.29068100452423096,0,0.49332401156425476,0.7901960015296936,-0.3636220097541809,0,-0.08174300193786621,0.45829498767852783,0.8850330114364624,0,0.0044109998270869255,0.0886939987540245,0,1,0.9316810369491577,-0.30417701601982117,-0.19861353933811188,0,0.3598778247833252,0.6981690526008606,0.6189086437225342,0,-0.049592748284339905,-0.6481015682220459,0.7599369883537292,0,0,0.06708300113677979,0.0015930000226944685,1,0.9905040264129639,-0.1062389463186264,-0.08726588636636734,0,0.09502596408128738,0.07030689716339111,0.9929888844490051,0,-0.09935887902975082,-0.9918518662452698,0.07973487675189972,0,-0.003754999954253435,0.14858399331569672,0,1,0.9907709956169128,-0.13245493173599243,-0.028768936172127724,0,0.12383193522691727,0.798246443271637,0.5894644260406494,0,-0.055112920701503754,-0.5875874161720276,0.8072823882102966,0,0.004786999896168709,0.11687300354242325,0,1,-0.8955626487731934,-0.4083051383495331,0.17678870260715485,0,0.3394688665866852,-0.8838828802108765,-0.32172882556915283,0,0.2876245677471161,-0.22811441123485565,0.9301806092262268,0,0.17309999465942383,-0.11091700196266174,0.006450999993830919,1,0.9997879862785339,0.008012763224542141,-0.01898239739239216,0,-0.0145960608497262,0.9256799817085266,-0.3780249059200287,0,0.01454242505133152,0.37822091579437256,0.9256009459495544,0,0,0.6486650109291077,0,1,0.8488947153091431,-0.19338645040988922,0.49191418290138245,0,-0.2337397187948227,0.6973718404769897,0.6775221824645996,0,-0.47407159209251404,-0.690125048160553,0.5467925667762756,0,0,0.5053960084915161,0,1,0.9920410513877869,-0.0008476726943627,-0.12591005861759186,0,0.08569678664207458,0.7371789813041687,0.6702407002449036,0,0.09225067496299744,-0.6756966710090637,0.7313840389251709,0,0,0.3660539984703064,0,1,-0.9813178777694702,-0.08427226543426514,-0.17295272648334503,0,-0.16336172819137573,-0.10986030846834183,0.9804306030273438,0,-0.10162367671728134,0.9903678297996521,0.09404037147760391,0,-0.17309999465942383,-0.11091700196266174,0.0049430001527071,1,0.985973060131073,0.1478487104177475,-0.0774509459733963,0,-0.014706935733556747,-0.38527676463127136,-0.9226836562156677,0,-0.16625873744487762,0.9108796715736389,-0.37769779562950134,0,0,0.6483910083770752,0,1,0.9811757206916809,-0.08223811537027359,-0.17472855746746063,0,0.18128417432308197,0.7040532231330872,0.6866180896759033,0,0.06655199825763702,-0.7053691744804382,0.7057085633277893,0,0,0.505403995513916,0,1,0.9754500985145569,0.013528878800570965,0.219805508852005,0,-0.0743861123919487,0.9596890807151794,0.2710421681404114,0,-0.20727740228176117,-0.28073814511299133,0.9371341466903687,0,0,0.36788201332092285,0,1
K0.100,0.96001797914505,-0.2762579917907715,-0.04524500295519829,0,0.274852991104126,0.9608529806137085,-0.0348999947309494,0,0.05311500281095505,0.0210689939558506,0.9983659982681274,0,0.017496999353170395,1.7813169956207275,0.011477000080049038,1,0.9731600284576416,0.09100600332021713,0.2113720029592514,0,-0.11773800104856491,0.986066997051239,0.11751600354909897,0,-0.19773200154304504,-0.13924899697303772,0.9703149795532227,0,0,0.19905999302864075,-0.0011579999700188637,1,0.9898080229759216,0.1416960060596466,-0.014245999045670033,0,-0.14232000708580017,0.9877880215644836,-0.06340400129556656,0,0.005087999626994133,0.06478500366210938,0.9978860020637512,0,0,0.23224100470542908,0,1,0.9896519780158997,0.14323900640010834,-0.008404999040067196,0,-0.1430789977312088,0.9895600080490112,0.017302000895142555,0,0.010794999077916145,-0.01592000015079975,0.9998149871826172,0,0,0.26541799306869507,0,1,0.9935719966888428,-0.11217699944972992,-0.01520800031721592,0,0.11029200255870819,0.9895129799842834,-0.09327200055122375,0,0.025512000545859337,0.09099499881267548,0.9955250024795532,0,0,0.29859501123428345,0,1,0.9878609776496887,-0.060415998101234436,-0.14310799539089203,0,0.09289199113845825,0.9681490063667297,0.2325039803981781,0,0.1245030015707016,-0.24297498166561127,0.9620090126991272,0,0,0.25615599751472473,-0.001972000114619732,1,0.09002300351858139,0.013961000367999077,-0.9958419799804688,0,0.9513630270957947,-0.29700300097465515,0.08183799684047699,0,-0.29462599754333496,-0.954774022102356,-0.04001900181174278,0,0.10670299828052521,0.2583580017089844,-0.0008490000036545098,1,0.5925080180168152,0.2590689957141876,0.7627689838409424,0,-0.6411049962043762,0.7249810099601746,0.25176700949668884,0,-0.4877679944038391,-0.6381890177726746,0.5956479907035828,0,0,0.22920699417591095,0,1,-0.04830100014805794,0.9981570243835449,0.03673899918794632,0,-0.9988080263137817,-0.04800700023770332,-0.008867000229656696,0,-0.0070859999395906925,-0.037122998386621475,0.9992859959602356,0,0,0.5154240131378174,0,1,0.5979999899864197,-0.06261400133371353,-0.7990469932556152,0,-0.12096399813890457,0.9784740209579468,-0.16720199584960938,0,0.7923160195350647,0.19664299488067627,0.5775529742240906,0,0,0.5649870038032532,0,1,0.9080579876899719,0.4111959934234619,-0.07967899739742279,0,-0.38481399416923523,0.8941559791564941,0.2289160043001175,0,0.1653749942779541,-0.17720699310302734,0.9701799750328064,0,-0.07104799896478653,0.010923000052571297,0,1,0.9930419921875,-0.03985099866986275,-0.11081299930810928,0,0.07118800282478333,0.9527419805526733,0.2953220009803772,0,0.09380699694156647,-0.3011550009250641,0.9489499926567078,0,-0.012670000083744526,0.0560929998755455,0,1,0.9818559885025024,-0.16917000710964203,0.08567400276660919,0,0.18091100454330444,0.9710729718208313,-0.15584500133991241,0,-0.0568309985101223,0.16851699352264404,0.9840589761734009,0,0.004827000200748444,0.09709499776363373,0,1,0.950993001461029,0.16884799301624298,0.2590410113334656,0,-0.2893820106983185,0.1908160001039505,0.9380019903182983,0,0.10894999653100967,-0.9669950008392334,0.23032599687576294,0,0,0.05437299981713295,0.0018649999983608723,1,0.9950550198554993,0.08636300265789032,0.04905800148844719,0,-0.08535800129175186,0.49100399017333984,0.8669649958610535,0,0.05078599974513054,-0.8668659925460815,0.4959479868412018,0,0.002919000107795,0.15194900333881378,0,1,0.9956790208816528,0.09122200310230255,0.017356999218463898,0,-0.08644600212574005,0.8423259854316711,0.5319910049438477,0,0.03390900045633316,-0.5311930179595947,0.8465719819068909,0,-0.0026110000908374786,0.11923900246620178,0,1,-0.0270990002900362,-0.037578001618385315,0.9989259839057922,0,-0.9864360094070435,-0.16083300113677979,-0.03280999884009361,0,0.16189299523830414,-0.986266016960144,-0.032710000872612,0,-0.10670299828052521,0.25835099816322327,0.0003809999907389283,1,0.3437640070915222,0.4999009966850281,0.7949380278587341,0,-0.8561099767684937,0.5146920084953308,0.046550001949071884,0,-0.3858779966831207,-0.6965569853782654,0.604902982711792,0,0,0.22920699417591095,0,1,0.7941169738769531,-0.6075310111045837,-0.016882000491023064,0,0.6076269745826721,0.7942219972610474,0.0007219999097287655,0,0.01296900026500225,-0.010831000283360481,0.9998570084571838,0,0,0.5153869986534119,0,1,0.998537003993988,0.03176399692893028,0.04375200718641281,0,-0.041954997926950455,0.9656450152397156,0.2564559876918793,0,-0.03410300984978676,-0.25791600346565247,0.965565025806427,0,0,0.5652980208396912,0,1,0.9297890067100525,-0.277442991733551,0.24190600216388702,0,0.30623799562454224,0.9476749897003174,-0.09016299992799759,0,-0.20423300564289093,0.15791399776935577,0.9661020040512085,0,0.07763200253248215,0.004362000152468681,0,1,0.9942060112953186,0.09903799742460251,-0.04178500175476074,0,-0.0703049972653389,0.8931710124015808,0.4441879987716675,0,0.08131299912929535,-0.43867701292037964,0.8949589729309082,0,0.019303999841213226,0.05913199856877327,0,1,0.8659960031509399,-0.4068849980831146,0.29068100452423096,0,0.49332401156425476,0.7901960015296936,-0.3636220097541809,0,-0.08174300193786621,0.45829498767852783,0.8850330114364624,0,0.0044109998270869255,0.0886939987540245,0,1,0.9251559972763062,-0.28336000442504883,-0.25257301330566406,0,0.3701950013637543,0.5264430046081543,0.7653849720954895,0,-0.08391500264406204,-0.8016020059585571,0.5919399857521057,0,0,0.06708300113677979,0.0015930000226944685,1,0.9885929822921753,-0.11091700196266174,-0.10189200192689896,0,0.09803400188684464,-0.039708998054265976,0.9943910241127014,0,-0.11434099823236465,-0.9930359721183777,-0.028381993994116783,0,-0.003754999954253435,0.14858399331569672,0,1,0.9892039895057678,-0.14165900647640228,-0.03752800077199936,0,0.13099199533462524,0.739920973777771,0.6598169803619385,0,-0.06570100039243698,-0.6576089859008789,0.7504889965057373,0,0.004786999896168709,0.11687300354242325,0,1,-0.8696709871292114,-0.4675459861755371,0.1583459973335266,0,0.3449069857597351,-0.8050240278244019,-0.4826759994029999,0,0.3531450033187866,-0.3651539981365204,0.8613659739494324,0,0.17309999465942383,-0.11091700196266174,0.006450999993830919,1,0.9998589754104614,0.00992599967867136,0.013523997738957405,0,-0.0023320005275309086,0.8805660009384155,-0.47391799092292786,0,-0.01661299727857113,0.47381898760795593,0.8804649710655212,0,0,0.6486650109291077,0,1,0.76255202293396,-0.2325499951839447,0.6036840081214905,0,-0.23940500617027283,0.7654690146446228,0.5972800254821777,0,-0.6009989976882935,-0.5999820232391357,0.5280359983444214,0,0,0.5053960084915161,0,1,0.9850860238075256,-0.0014169999631121755,-0.17205500602722168,0,0.08846200257539749,0.8618549704551697,0.4993799924850464,0,0.14757899940013885,-0.5071529746055603,0.8491269946098328,0,0,0.3660539984703064,0,1,-0.9871429800987244,-0.0870639979839325,-0.13404999673366547,0,-0.13885599374771118,0.051684994250535965,0.9889630079269409,0,-0.07917500287294388,0.9948610067367554,-0.06310999393463135,0,-0.17309999465942383,-0.11091700196266174,0.0049430001527071,1,0.9864429831504822,0.1439410001039505,-0.07880599796772003,0,-0.019266000017523766,-0.3753179907798767,-0.9266960024833679,0,-0.1629669964313507,0.9156510233879089,-0.36745700240135193,0,0,0.6483910083770752,0,1,0.9774249792098999,0.040988996624946594,-0.20726799964904785,0,0.08657300472259521,0.8171690106391907,0.5698599815368652,0,0.19273099303245544,-0.5749390125274658,0.7951729893684387,0,0,0.505403995513916,0,1,0.9680430293083191,0.0274059996008873,0.24928100407123566,0,-0.059672001749277115,0.990634024143219,0.12281400710344315,0,-0.24357999861240387,-0.13376499712467194,0.9606119990348816,0,0,0.36788201332092285,0,1
