0.533,30,15,41
B0,mixamorig_Hips,-1,0.9629575610160828,0.2328103929758072,0.1355607807636261,0,-0.26349756121635437,0.9185073971748352,0.29471123218536377,0,-0.05591624230146408,-0.319583535194397,0.9458374381065369,0,-0.019123967736959457,1.1693779230117798,-0.032536283135414124,1
B1,mixamorig_Spine,0,0.9492995142936707,-0.23236456513404846,-0.21174030005931854,0,0.2547799348831177,0.9632343649864197,0.08522164821624756,0,0.18415199220180511,-0.1348462849855423,0.9736003279685974,0,0,0.24264900386333466,-0.0011239999439567327,1
B2,mixamorig_Spine1,1,0.9964087009429932,-0.03320378437638283,-0.07788730412721634,0,0.03914793208241463,0.9963335394859314,0.07606238126754761,0,0.07507653534412384,-0.07883865386247635,0.9940556287765503,0,0,0.28309398889541626,0,1
B3,mixamorig_Spine2,2,0.996523380279541,-0.026936635375022888,-0.07883105427026749,0,0.03305104374885559,0.9964582324028015,0.07730764150619507,0,0.07646973431110382,-0.07964423298835754,0.9938852190971375,0,0,0.3235360085964203,0,1
B4,mixamorig_Neck,3,0.9981874823570251,-0.04089602082967758,0.04400493949651718,0,0.04133623093366623,0.9990723729133606,-0.00947917252779007,0,-0.0435570552945137,0.011273609474301338,0.9989618062973022,0,0,0.36397799849510193,0,1
B5,mixamorig_Head,4,0.9554130434989929,0.12975949048995972,0.26503661274909973,0,-0.07009592652320862,0.9722258448600769,-0.22321352362632751,0,-0.2866612374782562,0.19464032351970673,0.938007116317749,0,0,0.22355100512504578,-0.0017209999496117234,1
B6,mixamorig_HeadTop_End,5,1,0,0,0,0,1,0,0,0,0,1,0,0,1.056264042854309,-0.008131000213325024,1
B7,mixamorig_LeftShoulder,3,0.3296627700328827,0.04423423111438751,-0.9430611729621887,0,0.908465564250946,-0.2866942584514618,0.30412259697914124,0,-0.25691738724708557,-0.956997811794281,-0.13469970226287842,0,0.10729499906301498,0.3254770040512085,-0.0007459999760612845,1
B8,mixamorig_LeftArm,7,0.4185248911380768,-0.06432270258665085,-0.9053577184677124,0,0.6574612259864807,0.7095468044281006,0.253438800573349,0,0.6259714365005493,-0.7015010118484497,0.33922868967056274,0,0,0.22630299627780914,0,1
B9,mixamorig_LeftForeArm,8,0.3702673017978668,0.9288604855537415,0.00910470075905323,0,-0.9288674592971802,0.3701454997062683,0.012677798047661781,0,0.008406192995607853,-0.013151620514690876,0.9998781681060791,0,0,0.603547990322113,0,1
B10,mixamorig_LeftHand,9,0.8597920536994934,-0.033729035407304764,0.5094295740127563,0,0.03545418754220009,0.9992063641548157,0.0064895073883235455,0,-0.5093840956687927,0.012439031153917313,0.8603008985519409,0,0,0.44730299711227417,0,1
B11,mixamorig_LeftHandThumb1,10,0.8834019899368286,0.4463750123977661,-0.14265599846839905,0,-0.40148600935935974,0.8779309988021851,0.2608579695224762,0,0.2416829764842987,-0.17316703498363495,0.9547790288925171,0,-0.07047300040721893,0.046045999974012375,0,1
B12,mixamorig_LeftHandThumb2,11,0.9523149728775024,-0.2970750033855438,-0.06958899646997452,0,0.3038020133972168,0.9443719983100891,0.1259629726409912,0,0.028297025710344315,-0.14109699428081512,0.9895910024642944,0,-0.0072730001993477345,0.06695199757814407,0,1
B13,mixamorig_LeftHandThumb3,12,0.9582909941673279,-0.24238300323486328,0.15142102539539337,0,0.2634339928627014,0.9545890092849731,-0.13915100693702698,0,-0.11081702262163162,0.17323599755764008,0.978626012802124,0,0.0019759999122470617,0.09976200014352798,0,1
B14,mixamorig_LeftHandThumb4,13,1,0,0,0,0,1,0,0,0,0,1,0,0.005297000054270029,0.087459996342659,0,1
B15,mixamorig_LeftHandIndex1,10,0.9810370206832886,0.10634099692106247,0.1620430052280426,0,-0.17075900733470917,0.07868999987840652,0.9821659922599792,0,0.09169399738311768,-0.9912109971046448,0.09535602480173111,0,0,0.077224001288414,0.001614999957382679,1
B16,mixamorig_LeftHandIndex2,15,0.9971870183944702,0.06554298102855682,0.036368999630212784,0,-0.06469400227069855,0.5075060129165649,0.8592159748077393,0,0.03785797208547592,-0.8591520190238953,0.5103189945220947,0,0.0027910000644624233,0.15535999834537506,0,1
B17,mixamorig_LeftHandIndex3,16,0.9942399859428406,0.10182899981737137,0.03341799974441528,0,-0.09235499799251556,0.6558570265769958,0.7492150068283081,0,0.05437402427196503,-0.7479860186576843,0.6614840030670166,0,-0.0024949999060481787,0.1215599998831749,0,1
B18,mixamorig_LeftHandIndex4,17,1,0,0,0,0,1,0,0,0,0,1,0,-0.000295000005280599,0.09693899750709534,0,1
B19,mixamorig_RightShoulder,3,0.3045541048049927,-0.013221792876720428,0.9523736238479614,0,-0.9265656471252441,-0.23570573329925537,0.2930319607257843,0,0.22060254216194153,-0.9717337489128113,-0.08402610570192337,0,-0.10729499906301498,0.32547199726104736,0.00038899999344721437,1
B20,mixamorig_RightArm,19,0.6543868184089661,-0.460689902305603,-0.5992470383644104,0,0.7340078353881836,0.5765658020973206,0.35823044180870056,0,0.18036828935146332,-0.6745449900627136,0.7158010601997375,0,0,0.22630299627780914,0,1
B21,mixamorig_RightForeArm,20,-0.29613277316093445,-0.9543980956077576,-0.00962751917541027,0,0.9544031023979187,-0.29620006680488586,0.006463035009801388,0,-0.00902912113815546,-0.007274036295711994,0.9999327063560486,0,0,0.6033920049667358,0,1
B22,mixamorig_RightHand,21,0.6982090473175049,-0.7022765874862671,-0.13580922782421112,0,0.569152295589447,0.6604011058807373,-0.48980623483657837,0,0.43361422419548035,0.26464545726776123,0.8608511090278625,0,0,0.44735100865364075,0,1
B23,mixamorig_RightHandThumb1,22,0.8900719881057739,-0.41923001408576965,0.1789339929819107,0,0.38569000363349915,0.9018890261650085,0.19452300667762756,0,-0.24292799830436707,-0.10412602126598358,0.9644389748573303,0,0.08082900196313858,0.04864399880170822,0,1
B24,mixamorig_RightHandThumb2,23,0.9468979835510254,0.3143869936466217,0.06740900129079819,0,-0.32055899500846863,0.9393519759178162,0.12189597636461258,0,-0.024997999891638756,-0.13703100383281708,0.9902510046958923,0,0.016913000494241714,0.0735509991645813,0,1
B25,mixamorig_RightHandThumb3,24,0.9814540147781372,-0.14908400177955627,-0.12050999701023102,0,0.1246969997882843,0.9739609956741333,-0.1893409937620163,0,0.14560000598430634,0.17080199718475342,0.9744880199432373,0,0.007259999867528677,0.09258200228214264,0,1
B26,mixamorig_RightHandThumb4,25,1,0,0,0,0,1,0,0,0,0,1,0,-0.02417300082743168,0.07377699762582779,0,1
B27,mixamorig_RightHandIndex1,22,0.9790120124816895,-0.12268999963998795,-0.1627350002527237,0,0.17479200661182404,0.09486797451972961,0.980023980140686,0,-0.1048009991645813,-0.9879000186920166,0.1143219992518425,0,0,0.0906049981713295,0.0015170000260695815,1
B28,mixamorig_RightHandIndex2,27,0.9976850152015686,-0.0612960010766983,-0.02943900041282177,0,0.05664300173521042,0.5096150040626526,0.8585360050201416,0,-0.03762200102210045,-0.8582159876823425,0.5119079947471619,0,-0.0036200000904500484,0.1508300006389618,0,1
B29,mixamorig_RightHandIndex3,28,0.9890120029449463,-0.14043399691581726,-0.04619799926877022,0,0.1274780035018921,0.6518489718437195,0.7475579977035522,0,-0.07486899942159653,-0.7452319860458374,0.6625880002975464,0,0.0046179997734725475,0.1185230016708374,0,1
B30,mixamorig_RightHandIndex4,29,1,0,0,0,0,1,0,0,0,0,1,0,-0.0009980000322684646,0.09295400232076645,0,1
B31,mixamorig_LeftUpLeg,0,-0.9862508177757263,0.14364002645015717,-0.08110074698925018,0,-0.11966022104024887,-0.2847277522087097,0.9510643482208252,0,0.11350469291210175,0.9477811455726624,0.29798099398612976,0,0.17371000349521637,-0.13477300107479095,0.006407999899238348,1
B32,mixamorig_LeftLeg,31,0.9900069832801819,0.1058899536728859,0.09139702469110489,0,0.08414165675640106,0.07084568589925766,-0.9899185299873352,0,-0.112850621342659,0.9878511428833008,0.061171434819698334,0,0,0.634103000164032,0,1
B33,mixamorig_LeftFoot,32,0.9081775546073914,0.010915949009358883,0.41809380054473877,0,-0.3280293643474579,0.6390001773834229,0.695676326751709,0,-0.2595037817955017,-0.7690916657447815,0.5838828682899475,0,0,0.28386300802230835,0,1
B34,mixamorig_LeftToeBase,33,0.9714906215667725,-0.0013029137626290321,-0.23707297444343567,0,0.12779639661312103,0.8451364636421204,0.5190491080284119,0,0.19968293607234955,-0.534548282623291,0.8212094306945801,0,0,0.36601200699806213,0,1
B35,mixamorig_LeftToe_End,34,1,0,0,0,0,1,0,0,0,0,1,0,0,0.13590599596500397,0,1
B36,mixamorig_RightUpLeg,0,-0.9139958620071411,0.32729384303092957,-0.238646000623703,0,-0.271226167678833,-0.9312373399734497,-0.24079670011997223,0,-0.3006077706813812,-0.15530261397361755,0.940298855304718,0,-0.17371000349521637,-0.13477300107479095,0.007209999952465296,1
B37,mixamorig_RightLeg,36,0.9943373799324036,0.08169840276241302,-0.06653198599815369,0,-0.10378040373325348,0.791481614112854,-0.5938559174537659,0,0.0051104347221553326,0.5976118445396423,0.7954322695732117,0,0,0.6340240240097046,0,1
B38,mixamorig_RightFoot,37,0.9711236953735352,0.1596350520849228,-0.1642109453678131,0,0.13066412508487701,0.22547441720962524,0.9507617354393005,0,0.19763267040252686,-0.9454819560050964,0.19936658442020416,0,0,0.2839429974555969,0,1
B39,mixamorig_RightToeBase,38,0.993469774723053,0.09549762308597565,0.047816820442676544,0,-0.06719096004962921,0.23399408161640167,0.9677361845970154,0,0.0798301100730896,-0.9655740261077881,0.2381996214389801,0,0,0.36855998635292053,0,1
B40,mixamorig_RightToe_End,39,1,0,0,0,0,1,0,0,0,0,1,0,0,0.1353980004787445,0,1
@34,0,1,2,3,4,5,7,8,9,10,11,12,13,15,16,17,19,20,21,22,23,24,25,27,28,29,31,32,33,34,36,37,38,39
K0.000,0.9721360206604004,-0.013554000295698643,0.2340259999036789,0,-0.060858000069856644,0.9495049715042114,0.3077940046787262,0,-0.22638100385665894,-0.31345999240875244,0.9222220182418823,0,-0.0034920000471174717,1.2159119844436646,0.016170000657439232,1,0.9939619898796082,-0.03207499906420708,-0.10493700206279755,0,0.04285600036382675,0.9938449859619141,0.10215699672698975,0,0.10101400315761566,-0.10603799670934677,0.98921799659729,0,0,0.24264900386333466,-0.0011239999439567327,1,0.9989370107650757,0.0021609999239444733,-0.04604199901223183,0,0.0010730000212788582,0.9975389838218689,0.07010500133037567,0,0.046080999076366425,-0.0700799971818924,0.9964770078659058,0,0,0.28309398889541626,0,1,0.9989420175552368,0.004381000064313412,-0.04577000066637993,0,-0.0011579999700188637,0.9975320100784302,0.07020899653434753,0,0.04596399888396263,-0.07008200138807297,0.9964820146560669,0,0,0.3235360085964203,0,1,0.9999669790267944,0.00573199987411499,-0.00571299996227026,0,-0.006295999977737665,0.9945420026779175,-0.10414300113916397,0,0.0050849998369812965,0.10417599976062775,0.9945459961891174,0,0,0.36397799849510193,0,1,0.9987390041351318,-0.027519000694155693,-0.04197999835014343,0,0.014140999875962734,0.9567090272903442,-0.2907010018825531,0,0.04816199839115143,0.28974100947380066,0.955892026424408,0,0,0.22355100512504578,-0.0017209999496117234,1,0.21845300495624542,0.006670000031590462,-0.9758250117301941,0,0.8270949721336365,-0.5319430232048035,0.18152199685573578,0,-0.5178719758987427,-0.8467540144920349,-0.12172199785709381,0,0.10729499906301498,0.3254770040512085,-0.0007459999760612845,1,0.6842179894447327,0.14042599499225616,-0.7156299948692322,0,0.40845298767089844,0.7391449809074402,0.5355650186538696,0,0.6041619777679443,-0.6587449908256531,0.4483790099620819,0,0,0.22630299627780914,0,1,0.7950609922409058,0.6065199971199036,0.0033080000430345535,0,-0.6065239906311035,0.7950220108032227,0.00827800016850233,0,0.002391000045463443,-0.008586999960243702,0.9999600052833557,0,0,0.603547990322113,0,1,0.946943998336792,0.015112999826669693,0.321043998003006,0,-0.007751999888569117,0.9996770024299622,-0.02419300004839897,0,-0.3213059902191162,0.020421000197529793,0.9467549920082092,0,0,0.44730299711227417,0,1,0.8834019899368286,0.4463750123977661,-0.14265599846839905,0,-0.40148600935935974,0.8779309988021851,0.2608569860458374,0,0.2416830062866211,-0.17316700518131256,0.9547790288925171,0,-0.07047300040721893,0.046045999974012375,0,1,0.9523149728775024,-0.2970750033855438,-0.06958899646997452,0,0.3038020133972168,0.9443719983100891,0.1259630024433136,0,0.028296999633312225,-0.14109699428081512,0.9895910024642944,0,-0.0072730001993477345,0.06695199757814407,0,1,0.9582909941673279,-0.24238300323486328,0.15142199397087097,0,0.2634339928627014,0.9545890092849731,-0.1391499936580658,0,-0.11081799864768982,0.17323599755764008,0.978626012802124,0,0.0019759999122470617,0.09976200014352798,0,1,0.9810370206832886,0.10634099692106247,0.1620430052280426,0,-0.17075900733470917,0.07868999987840652,0.9821659922599792,0,0.09169399738311768,-0.9912109971046448,0.0953570008277893,0,0,0.077224001288414,0.001614999957382679,1,0.9971870183944702,0.06554199755191803,0.036368999630212784,0,-0.06469400227069855,0.5075060129165649,0.8592159748077393,0,0.03785699978470802,-0.8591520190238953,0.5103189945220947,0,0.0027910000644624233,0.15535999834537506,0,1,0.9942399859428406,0.10182999819517136,0.03341799974441528,0,-0.09235499799251556,0.6558570265769958,0.7492150068283081,0,0.054375000298023224,-0.7479860186576843,0.6614840030670166,0,-0.0024949999060481787,0.1215599998831749,0,1,0.40052101016044617,-0.019114000722765923,0.9160879850387573,0,-0.8296350240707397,-0.43196600675582886,0.35370999574661255,0,0.38895800709724426,-0.9016870260238647,-0.18886999785900116,0,-0.10729499906301498,0.32547199726104736,0.00038899999344721437,1,0.8423659801483154,-0.30348798632621765,-0.44532498717308044,0,0.5298910140991211,0.6169610023498535,0.5818719863891602,0,0.09815700352191925,-0.7261229753494263,0.6805229783058167,0,0,0.22630299627780914,0,1,0.31014901399612427,-0.9506719708442688,-0.005520999897271395,0,0.9506779909133911,0.3101139962673187,0.006438000127673149,0,-0.004408000037074089,-0.007246000226587057,0.9999639987945557,0,0,0.6033920049667358,0,1,0.9284300208091736,-0.3331960141658783,-0.16430999338626862,0,0.2942480146884918,0.9295200109481812,-0.2222830057144165,0,0.22679300606250763,0.15802599489688873,0.9610369801521301,0,0,0.44735100865364075,0,1,0.8900719881057739,-0.41923001408576965,0.1789339929819107,0,0.38569000363349915,0.9018890261650085,0.19452300667762756,0,-0.24292799830436707,-0.10412699729204178,0.9644399881362915,0,0.08082900196313858,0.04864399880170822,0,1,0.9468989968299866,0.3143869936466217,0.06740900129079819,0,-0.32055899500846863,0.9393529891967773,0.12189599871635437,0,-0.024997999891638756,-0.13703100383281708,0.9902510046958923,0,0.016913000494241714,0.0735509991645813,0,1,0.9814540147781372,-0.14908400177955627,-0.12050999701023102,0,0.1246969997882843,0.9739609956741333,-0.1893409937620163,0,0.14560000598430634,0.17080199718475342,0.9744880199432373,0,0.007259999867528677,0.09258200228214264,0,1,0.9790120124816895,-0.12268999963998795,-0.1627350002527237,0,0.17479200661182404,0.0948679968714714,0.980023980140686,0,-0.1048009991645813,-0.9879000186920166,0.1143219992518425,0,0,0.0906049981713295,0.0015170000260695815,1,0.9976850152015686,-0.0612960010766983,-0.02943900041282177,0,0.05664300173521042,0.5096150040626526,0.8585360050201416,0,-0.03762200102210045,-0.8582159876823425,0.5119079947471619,0,-0.0036200000904500484,0.1508300006389618,0,1,0.9890120029449463,-0.14043399691581726,-0.04619799926877022,0,0.1274780035018921,0.6518489718437195,0.7475579977035522,0,-0.07486899942159653,-0.7452329993247986,0.6625880002975464,0,0.0046179997734725475,0.1185230016708374,0,1,-0.9501050114631653,0.01947700046002865,0.3113209903240204,0,0.1945209950208664,-0.7432169914245605,0.6401479840278625,0,0.24384699761867523,0.668766975402832,0.7023460268974304,0,0.17371000349521637,-0.13477300107479095,0.006407999899238348,1,0.9966920018196106,0.08067899942398071,-0.009770000353455544,0,0.04260699823498726,-0.6211220026016235,-0.7825549840927124,0,-0.06920400261878967,0.7795500159263611,-0.6225050091743469,0,0,0.634103000164032,0,1,0.9335730075836182,0.0658319965004921,0.35228800773620605,0,-0.3056969940662384,0.6593319773674011,0.6868990063667297,0,-0.18705500662326813,-0.7489640116691589,0.6356599926948547,0,0,0.28386300802230835,0,1,0.9790350198745728,-0.00020300000323913991,-0.20369400084018707,0,0.13371700048446655,0.7550039887428284,0.641942024230957,0,0.15365900099277496,-0.6557199954986572,0.7392020225524902,0,0,0.36601200699806213,0,1,-0.9962130188941956,-0.02861900068819523,-0.08210700005292892,0,0.025227999314665794,-0.9987969994544983,0.04205099865794182,0,-0.0832120031118393,0.03982099890708923,0.9957360029220581,0,-0.17371000349521637,-0.13477300107479095,0.007209999952465296,1,0.9859859943389893,0.1599940061569214,0.04725499823689461,0,-0.12733900547027588,0.9047759771347046,-0.4064050018787384,0,-0.10777699947357178,0.39469200372695923,0.9124699831008911,0,0,0.6340240240097046,0,1,0.982492983341217,-0.06411699950695038,-0.174919992685318,0,0.1790419965982437,0.06542599946260452,0.9816640019416809,0,-0.05149700120091438,-0.9957950115203857,0.07575999945402145,0,0,0.2839429974555969,0,1,0.9882699847221375,0.007400000002235174,0.15254099667072296,0,-0.12542900443077087,0.6091560125350952,0.7830690145492554,0,-0.0871260017156601,-0.7930160164833069,0.6029379963874817,0,0,0.36855998635292053,0,1
K0.033,0.9716928601264954,0.09567037969827652,0.2160092145204544,0,-0.1582060605287552,0.9425537586212158,0.29421600699424744,0,-0.1754528284072876,-0.3200620114803314,0.9310081601142883,0,-0.005949130281805992,1.1965607404708862,-0.0104092201218009,1,0.9791586995124817,-0.12006112188100815,-0.1638064831495285,0,0.13491420447826385,0.9873957633972168,0.0827450305223465,0,0.15180730819702148,-0.10312031954526901,0.9830158948898315,0,0,0.24264900386333466,-0.0011239999439567327,1,0.9975540041923523,-0.01757015660405159,-0.06765410304069519,0,0.022072171792387962,0.9975489974021912,0.06639309972524643,0,0.06632208824157715,-0.06772410869598389,0.9954969882965088,0,0,0.28309398889541626,0,1,0.9976339936256409,-0.013193137012422085,-0.06747311353683472,0,0.01774115301668644,0.9975780248641968,0.06725410372018814,0,0.06642210483551025,-0.06829211860895157,0.9954519867897034,0,0,0.3235360085964203,0,1,0.9994480013847351,-0.0283571295440197,0.01732226461172104,0,0.029405124485492706,0.9975420236587524,-0.06360147148370743,0,-0.015476277098059654,0.06407548487186432,0.997825026512146,0,0,0.36397799849510193,0,1,0.9931596517562866,0.036810919642448425,0.11080653220415115,0,-0.010824586264789104,0.97394198179245,-0.22653695940971375,0,-0.11625868827104568,0.22378769516944885,0.9676787257194519,0,0,0.22355100512504578,-0.0017209999496117234,1,0.2395728975534439,0.023943202570080757,-0.9705827236175537,0,0.8942891359329224,-0.3946189284324646,0.21100592613220215,0,-0.3779577910900116,-0.9185323715209961,-0.11595218628644943,0,0.10729499906301498,0.3254770040512085,-0.0007459999760612845,1,0.4826313257217407,0.07631262391805649,-0.8724923729896545,0,0.5924666523933411,0.7052230834960938,0.38941362500190735,0,0.6450198292732239,-0.7048659920692444,0.29515039920806885,0,0,0.22630299627780914,0,1,0.5701099634170532,0.8215430974960327,0.006378027610480785,0,-0.8215490579605103,0.5700269937515259,0.011213014833629131,0,0.005576028488576412,-0.011632014997303486,0.9999169707298279,0,0,0.603547990322113,0,1,0.9136114716529846,-0.10506629943847656,0.3927791714668274,0,0.07768357545137405,0.9933460354804993,0.08502224087715149,0,-0.39909809827804565,-0.0471644252538681,0.9156944751739502,0,0,0.44730299711227417,0,1,0.8834019899368286,0.4463750123977661,-0.14265599846839905,0,-0.40148600935935974,0.8779309988021851,0.2608579993247986,0,0.2416830062866211,-0.17316700518131256,0.9547790288925171,0,-0.07047300040721893,0.046045999974012375,0,1,0.9523149728775024,-0.2970750033855438,-0.06958899646997452,0,0.3038020133972168,0.9443719983100891,0.1259620040655136,0,0.028296999633312225,-0.14109699428081512,0.9895910024642944,0,-0.0072730001993477345,0.06695199757814407,0,1,0.9582909941673279,-0.24238300323486328,0.15142199397087097,0,0.2634339928627014,0.9545890092849731,-0.1391499936580658,0,-0.11081799864768982,0.17323599755764008,0.978626012802124,0,0.0019759999122470617,0.09976200014352798,0,1,0.9810370206832886,0.10634099692106247,0.1620430052280426,0,-0.17075900733470917,0.07868999987840652,0.9821659922599792,0,0.09169399738311768,-0.9912109971046448,0.0953570008277893,0,0,0.077224001288414,0.001614999957382679,1,0.9971870183944702,0.06554199755191803,0.036368999630212784,0,-0.06469400227069855,0.5075060129165649,0.8592159748077393,0,0.03785699978470802,-0.8591520190238953,0.5103189945220947,0,0.0027910000644624233,0.15535999834537506,0,1,0.9942399859428406,0.10182899981737137,0.03341799974441528,0,-0.09235499799251556,0.6558570265769958,0.7492150068283081,0,0.05437399819493294,-0.7479860186576843,0.6614840030670166,0,-0.0024949999060481787,0.1215599998831749,0,1,0.3926091492176056,-0.0558965764939785,0.9180053472518921,0,-0.8969432711601257,-0.24396491050720215,0.36874625086784363,0,0.20334915816783905,-0.9681720733642578,-0.14591938257217407,0,-0.10729499906301498,0.32547199726104736,0.00038899999344721437,1,0.7105664014816284,-0.374878853559494,-0.5954500436782837,0,0.6964983940124512,0.49491679668426514,0.5195633769035339,0,0.09992580115795135,-0.7839149236679077,0.6127740144729614,0,0,0.22630299627780914,0,1,0.0481376089155674,-0.9988135695457458,-0.007296022959053516,0,0.9988195896148682,0.04808861017227173,0.00676399702206254,0,-0.006405026186257601,-0.007612996734678745,0.9999510049819946,0,0,0.6033920049667358,0,1,0.7806261777877808,-0.5790282487869263,-0.23526504635810852,0,0.4661860466003418,0.790161669254303,-0.3978869318962097,0,0.4162852168083191,0.2009235918521881,0.8867557644844055,0,0,0.44735100865364075,0,1,0.8900719881057739,-0.41923001408576965,0.1789339929819107,0,0.38569000363349915,0.9018890261650085,0.19452300667762756,0,-0.24292799830436707,-0.10412599891424179,0.9644389748573303,0,0.08082900196313858,0.04864399880170822,0,1,0.9468979835510254,0.3143869936466217,0.06740900129079819,0,-0.32055899500846863,0.9393529891967773,0.12189500033855438,0,-0.024997999891638756,-0.13703100383281708,0.9902510046958923,0,0.016913000494241714,0.0735509991645813,0,1,0.9814540147781372,-0.14908400177955627,-0.12050999701023102,0,0.1246969997882843,0.9739609956741333,-0.1893409937620163,0,0.14560000598430634,0.17080199718475342,0.9744880199432373,0,0.007259999867528677,0.09258200228214264,0,1,0.9790120124816895,-0.12268999963998795,-0.1627350002527237,0,0.17479200661182404,0.0948679968714714,0.980023980140686,0,-0.1048009991645813,-0.9879000186920166,0.1143219992518425,0,0,0.0906049981713295,0.0015170000260695815,1,0.9976850152015686,-0.0612960010766983,-0.02943900041282177,0,0.05664300173521042,0.5096150040626526,0.8585360050201416,0,-0.03762200102210045,-0.8582159876823425,0.5119079947471619,0,-0.0036200000904500484,0.1508300006389618,0,1,0.9890120029449463,-0.14043399691581726,-0.04619799926877022,0,0.1274780035018921,0.6518489718437195,0.7475579977035522,0,-0.07486899942159653,-0.7452329993247986,0.6625880002975464,0,0.0046179997734725475,0.1185230016708374,0,1,-0.9832610487937927,0.09274951368570328,0.15682363510131836,0,0.093132883310318,-0.48392900824546814,0.8701368570327759,0,0.1565965861082077,0.8701777458190918,0.46719130873680115,0,0.17371000349521637,-0.13477300107479095,0.006407999899238348,1,0.9935539364814758,0.1126619502902031,0.012531764805316925,0,0.05662626400589943,-0.397508442401886,-0.9158487915992737,0,-0.09820013493299484,0.9106548428535461,-0.4013265073299408,0,0,0.634103000164032,0,1,0.9317177534103394,0.011101990006864071,0.3630145788192749,0,-0.2838134467601776,0.6459219455718994,0.7086858749389648,0,-0.22661134600639343,-0.7633230686187744,0.6049667596817017,0,0,0.28386300802230835,0,1,0.9751389622688293,-0.0001470115821575746,-0.2215951532125473,0,0.13143697381019592,0.805484414100647,0.5778573751449585,0,0.17840620875358582,-0.5926163792610168,0.7854783535003662,0,0,0.36601200699806213,0,1,-0.9657564759254456,0.16847962141036987,-0.1973024308681488,0,-0.13155542314052582,-0.9734525680541992,-0.1873064935207367,0,-0.22362178564071655,-0.15493594110012054,0.9622827768325806,0,-0.17371000349521637,-0.13477300107479095,0.007209999952465296,1,0.9910150766372681,0.13310347497463226,-0.013128514401614666,0,-0.1315087229013443,0.951810359954834,-0.27705734968185425,0,-0.024381741881370544,0.27629438042640686,0.9607632756233215,0,0,0.6340240240097046,0,1,0.9993306994438171,-0.010842187330126762,-0.03491928055882454,0,0.03607790544629097,0.1372096985578537,0.9898847937583923,0,-0.00594094954431057,-0.9904826879501343,0.13750842213630676,0,0,0.2839429974555969,0,1,0.9940059781074524,0.025373656302690506,0.10633845627307892,0,-0.10712965577840805,0.4199502468109131,0.9012016654014587,0,-0.021790029481053352,-0.907192587852478,0.4201512634754181,0,0,0.36855998635292053,0,1
K0.067,0.9626971483230591,0.2331046313047409,0.13738977909088135,0,-0.264354944229126,0.9185762405395508,0.29382699728012085,0,-0.05771017074584961,-0.3191860020160675,0.9459328651428223,0,-0.01895887218415737,1.1694812774658203,-0.03234577924013138,1,0.9493352770805359,-0.2324838787317276,-0.2114575207233429,0,0.2549158036708832,0.9631762504577637,0.08549296855926514,0,0.18379469215869904,-0.13506469130516052,0.9736410975456238,0,0,0.24264900386333466,-0.0011239999439567327,1,0.9964060187339783,-0.03314884379506111,-0.07794689387083054,0,0.039110831916332245,0.996321976184845,0.0762409046292305,0,0.07513291388750076,-0.07901588827371597,0.9940379858016968,0,0,0.28309398889541626,0,1,0.9965230226516724,-0.026837864890694618,-0.07887189090251923,0,0.0329708456993103,0.9964460134506226,0.07751089334487915,0,0.07651090621948242,-0.07984188944101334,0.9938669800758362,0,0,0.3235360085964203,0,1,0.9981889724731445,-0.041374869644641876,0.04367173835635185,0,0.04187287762761116,0.9990670084953308,-0.01055152714252472,0,-0.0431947261095047,0.012360514141619205,0.998989999294281,0,0,0.36397799849510193,0,1,0.9559163451194763,0.12862008810043335,0.2639704942703247,0,-0.06940241903066635,0.972458004951477,-0.222507044672966,0,-0.28531932830810547,0.19437730312347412,0.9385142922401428,0,0,0.22355100512504578,-0.0017209999496117234,1,0.3295730948448181,0.044308800250291824,-0.9430893063545227,0,0.9086028933525085,-0.2863260805606842,0.30406907200813293,0,-0.2565581798553467,-0.957107663154602,-0.13462482392787933,0,0.10729499906301498,0.3254770040512085,-0.0007459999760612845,1,0.4148276746273041,-0.0616806298494339,-0.9078066349029541,0,0.6582393646240234,0.7091629505157471,0.25260236859321594,0,0.6282031536102295,-0.7023410201072693,0.33478161692619324,0,0,0.22630299627780914,0,1,0.36936599016189575,0.9292389154434204,0.009116972796618938,0,-0.9292459487915039,0.3692440092563629,0.01268298551440239,0,0.008418971672654152,-0.013156984932720661,0.9998779892921448,0,0,0.603547990322113,0,1,0.8602375388145447,-0.035097695887088776,0.5086838603019714,0,0.035325419157743454,0.9993329644203186,0.009211753495037556,0,-0.5086679458618164,0.0100454306229949,0.8609035611152649,0,0,0.44730299711227417,0,1,0.8834019899368286,0.4463750123977661,-0.14265599846839905,0,-0.40148600935935974,0.8779309988021851,0.2608579993247986,0,0.2416830062866211,-0.17316700518131256,0.9547790288925171,0,-0.07047300040721893,0.046045999974012375,0,1,0.9523149728775024,-0.2970750033855438,-0.06958899646997452,0,0.3038020133972168,0.9443719983100891,0.1259630024433136,0,0.028296999633312225,-0.14109699428081512,0.9895910024642944,0,-0.0072730001993477345,0.06695199757814407,0,1,0.9582909941673279,-0.24238300323486328,0.15142099559307098,0,0.2634339928627014,0.9545890092849731,-0.13915100693702698,0,-0.11081700026988983,0.17323599755764008,0.978626012802124,0,0.0019759999122470617,0.09976200014352798,0,1,0.9810370206832886,0.10634099692106247,0.1620430052280426,0,-0.17075900733470917,0.07868999987840652,0.9821659922599792,0,0.09169399738311768,-0.9912109971046448,0.09535600244998932,0,0,0.077224001288414,0.001614999957382679,1,0.9971870183944702,0.06554300338029861,0.036368999630212784,0,-0.06469400227069855,0.5075060129165649,0.8592159748077393,0,0.03785799816250801,-0.8591520190238953,0.5103189945220947,0,0.0027910000644624233,0.15535999834537506,0,1,0.9942399859428406,0.10182899981737137,0.03341799974441528,0,-0.09235499799251556,0.6558570265769958,0.7492150068283081,0,0.05437399819493294,-0.7479860186576843,0.6614840030670166,0,-0.0024949999060481787,0.1215599998831749,0,1,0.30570486187934875,-0.013339422643184662,0.9520326256752014,0,-0.9262906908988953,-0.23551708459854126,0.29413875937461853,0,0.22029583156108856,-0.971778929233551,-0.08435460925102234,0,-0.10729499906301498,0.32547199726104736,0.00038899999344721437,1,0.6519635915756226,-0.46218612790107727,-0.6011049151420593,0,0.7365465760231018,0.5743381977081299,0.3572606146335602,0,0.180116206407547,-0.675662100315094,0.71486896276474,0,0,0.22630299627780914,0,1,-0.2907346189022064,-0.9567553997039795,-0.009590977802872658,0,0.9567604064941406,-0.29080164432525635,0.0064790030010044575,0,-0.008987974375486374,-0.007292003370821476,0.9999330043792725,0,0,0.6033920049667358,0,1,0.6961678266525269,-0.7041637301445007,-0.13965395092964172,0,0.5697529911994934,0.6603143215179443,-0.48925110697746277,0,0.4367277920246124,0.2610324025154114,0.8608892560005188,0,0,0.44735100865364075,0,1,0.8900719881057739,-0.41923001408576965,0.1789339929819107,0,0.38569000363349915,0.9018890261650085,0.19452300667762756,0,-0.24292799830436707,-0.10412599891424179,0.9644389748573303,0,0.08082900196313858,0.04864399880170822,0,1,0.9468979835510254,0.3143869936466217,0.06740900129079819,0,-0.32055899500846863,0.9393519759178162,0.12189599871635437,0,-0.024997999891638756,-0.13703100383281708,0.9902510046958923,0,0.016913000494241714,0.0735509991645813,0,1,0.9814540147781372,-0.14908400177955627,-0.12050999701023102,0,0.1246969997882843,0.9739609956741333,-0.1893409937620163,0,0.14560000598430634,0.17080199718475342,0.9744880199432373,0,0.007259999867528677,0.09258200228214264,0,1,0.9790120124816895,-0.12268999963998795,-0.1627350002527237,0,0.17479200661182404,0.0948679968714714,0.980023980140686,0,-0.1048009991645813,-0.9879000186920166,0.1143219992518425,0,0,0.0906049981713295,0.0015170000260695815,1,0.9976850152015686,-0.0612960010766983,-0.02943900041282177,0,0.05664300173521042,0.5096150040626526,0.8585360050201416,0,-0.03762200102210045,-0.8582159876823425,0.5119079947471619,0,-0.0036200000904500484,0.1508300006389618,0,1,0.9890120029449463,-0.14043399691581726,-0.04619799926877022,0,0.1274780035018921,0.6518489718437195,0.7475579977035522,0,-0.07486899942159653,-0.7452319860458374,0.6625880002975464,0,0.0046179997734725475,0.1185230016708374,0,1,-0.9863829612731934,0.14395949244499207,-0.07952765375375748,0,-0.11821690201759338,-0.2844260036945343,0.9513811469078064,0,0.1143404170870781,0.9478272199630737,0.29757070541381836,0,0.17371000349521637,-0.13477300107479095,0.006407999899238348,1,0.9902270436286926,0.10740405321121216,0.088959239423275,0,0.08315274119377136,0.057389479130506516,-0.9948822259902954,0,-0.11195986717939377,0.9925561547279358,0.04789753258228302,0,0,0.634103000164032,0,1,0.9072152376174927,0.010111010633409023,0.42054542899131775,0,-0.3295835554599762,0.638325035572052,0.6956411004066467,0,-0.2614116370677948,-0.7696999311447144,0.5824302434921265,0,0,0.28386300802230835,0,1,0.9714860320091248,-0.0013049885164946318,-0.23709185421466827,0,0.12779103219509125,0.8451825976371765,0.5189756155014038,0,0.19970878958702087,-0.5344756245613098,0.8212506175041199,0,0,0.36601200699806213,0,1,-0.9127265214920044,0.3302483856678009,-0.2405545711517334,0,-0.27487656474113464,-0.9319444298744202,-0.2364795058965683,0,-0.3022802174091339,-0.1497180461883545,0.9413881897926331,0,-0.17371000349521637,-0.13477300107479095,0.007209999952465296,1,0.9946439266204834,0.08073952049016953,-0.06453648954629898,0,-0.10335128009319305,0.7862566709518433,-0.6091946959495544,0,0.0015567421214655042,0.612601637840271,0.7903896570205688,0,0,0.6340240240097046,0,1,0.9718173146247864,0.1703151911497116,-0.1629837304353714,0,0.12640510499477386,0.20709730684757233,0.9701201915740967,0,0.1989799588918686,-0.963381290435791,0.1797325760126114,0,0,0.2839429974555969,0,1,0.9944990277290344,0.0908263549208641,0.05216953903436661,0,-0.07291433960199356,0.2427467554807663,0.9673453569412231,0,0.0751960352063179,-0.9658284187316895,0.24803371727466583,0,0,0.36855998635292053,0,1
K0.100,0.972989022731781,0.22147700190544128,0.06511300057172775,0,-0.23047299683094025,0.9158560037612915,0.3287689983844757,0,0.013180997222661972,-0.3348959982395172,0.9421629905700684,0,-0.02548299916088581,1.165397047996521,-0.03987399861216545,1,0.9479219913482666,-0.22776900231838226,-0.2226320058107376,0,0.24954700469970703,0.9654719829559326,0.07477100193500519,0,0.1979140043258667,-0.12643399834632874,0.9720309972763062,0,0,0.24264900386333466,-0.0011239999439567327,1,0.9965130090713501,-0.03531999886035919,-0.07559199631214142,0,0.0405769981443882,0.9967780113220215,0.0691860020160675,0,0.07290499657392502,-0.07201199978590012,0.9947360157966614,0,0,0.28309398889541626,0,1,0.9965370297431946,-0.030741000548005104,-0.07725799828767776,0,0.03613999858498573,0.9969289898872375,0.06947900354862213,0,0.07488399744033813,-0.07203099876642227,0.9945870041847229,0,0,0.3235360085964203,0,1,0.9981309771537781,-0.02245200052857399,0.056839000433683395,0,0.020666001364588737,0.9992799758911133,0.0318249948322773,0,-0.05751299858093262,-0.030590998008847237,0.997875988483429,0,0,0.36397799849510193,0,1,0.936028003692627,0.1736460030078888,0.306100994348526,0,-0.09680800139904022,0.9632840156555176,-0.2504250109195709,0,-0.33834800124168396,0.2047709971666336,0.9184709787368774,0,0,0.22355100512504578,-0.0017209999496117234,1,0.3331170082092285,0.04136199876666069,-0.9419779777526855,0,0.9031749963760376,-0.3008750081062317,0.30618399381637573,0,-0.27075299620628357,-0.9527660012245178,-0.13758400082588196,0,0.10729499906301498,0.3254770040512085,-0.0007459999760612845,1,0.5609310269355774,-0.16608799993991852,-0.8110309839248657,0,0.6274899840354919,0.7243319749832153,0.28565600514411926,0,0.540012001991272,-0.6691470146179199,0.5105180144309998,0,0,0.22630299627780914,0,1,0.4049830138683319,0.9142839908599854,0.008631999604403973,0,-0.9142900109291077,0.4048680067062378,0.012477999553084373,0,0.007914000190794468,-0.01294500008225441,0.9998850226402283,0,0,0.603547990322113,0,1,0.8426340222358704,0.018987998366355896,0.5381519794464111,0,0.040414001792669296,0.9943299889564514,-0.09836399555206299,0,-0.536969006061554,0.10463399440050125,0.8370879888534546,0,0,0.44730299711227417,0,1,0.8834019899368286,0.4463750123977661,-0.14265599846839905,0,-0.40148600935935974,0.8779309988021851,0.2608569860458374,0,0.2416819930076599,-0.17316800355911255,0.9547790288925171,0,-0.07047300040721893,0.046045999974012375,0,1,0.9523149728775024,-0.2970750033855438,-0.06958899646997452,0,0.3038020133972168,0.9443719983100891,0.1259620040655136,0,0.028297999873757362,-0.14109699428081512,0.9895910024642944,0,-0.0072730001993477345,0.06695199757814407,0,1,0.9582909941673279,-0.24238300323486328,0.15142199397087097,0,0.2634339928627014,0.9545890092849731,-0.13915100693702698,0,-0.11081799864768982,0.17323599755764008,0.978626012802124,0,0.0019759999122470617,0.09976200014352798,0,1,0.9810370206832886,0.10634099692106247,0.1620430052280426,0,-0.17075900733470917,0.07868999987840652,0.9821659922599792,0,0.09169399738311768,-0.9912109971046448,0.0953570008277893,0,0,0.077224001288414,0.001614999957382679,1,0.9971870183944702,0.06554199755191803,0.036368999630212784,0,-0.06469400227069855,0.5075060129165649,0.8592159748077393,0,0.03785699978470802,-0.8591520190238953,0.5103189945220947,0,0.0027910000644624233,0.15535999834537506,0,1,0.9942399859428406,0.10182899981737137,0.03341799974441528,0,-0.09235499799251556,0.6558570265769958,0.7492150068283081,0,0.054375000298023224,-0.7479860186576843,0.6614840030670166,0,-0.0024949999060481787,0.1215599998831749,0,1,0.26023000478744507,-0.008690999820828438,0.965507984161377,0,-0.9371569752693176,-0.2429720014333725,0.25040099024772644,0,0.23241600394248962,-0.9699940085411072,-0.07137300074100494,0,-0.10729499906301498,0.32547199726104736,0.00038899999344721437,1,0.7477239966392517,-0.4030590057373047,-0.5276870131492615,0,0.6362230181694031,0.6623679995536804,0.3955860137939453,0,0.190078005194664,-0.6315159797668457,0.7517039775848389,0,0,0.22630299627780914,0,1,-0.5040550231933594,-0.86360102891922,-0.01103499997407198,0,0.8636059761047363,-0.5041329860687256,0.0058479998260736465,0,-0.010614000260829926,-0.0065819998271763325,0.999921977519989,0,0,0.6033920049667358,0,1,0.7768319845199585,-0.6295880079269409,0.012278993614017963,0,0.5460150241851807,0.6637430191040039,-0.5111879706382751,0,0.3136880099773407,0.4038110077381134,0.8593810200691223,0,0,0.44735100865364075,0,1,0.8900719881057739,-0.41923001408576965,0.1789339929819107,0,0.38569000363349915,0.9018890261650085,0.19452300667762756,0,-0.24292799830436707,-0.10412699729204178,0.9644389748573303,0,0.08082900196313858,0.04864399880170822,0,1,0.9468979835510254,0.3143869936466217,0.06740900129079819,0,-0.32055899500846863,0.9393529891967773,0.12189500033855438,0,-0.024997999891638756,-0.13703100383281708,0.9902510046958923,0,0.016913000494241714,0.0735509991645813,0,1,0.9814540147781372,-0.14908400177955627,-0.12050999701023102,0,0.1246969997882843,0.9739609956741333,-0.1893409937620163,0,0.14560000598430634,0.17080199718475342,0.9744880199432373,0,0.007259999867528677,0.09258200228214264,0,1,0.9790120124816895,-0.12268999963998795,-0.1627350002527237,0,0.17479200661182404,0.09486699849367142,0.980023980140686,0,-0.1048009991645813,-0.9879000186920166,0.1143219992518425,0,0,0.0906049981713295,0.0015170000260695815,1,0.9976850152015686,-0.0612960010766983,-0.02943900041282177,0,0.05664300173521042,0.5096150040626526,0.8585360050201416,0,-0.03762200102210045,-0.8582159876823425,0.5119079947471619,0,-0.0036200000904500484,0.1508300006389618,0,1,0.9890120029449463,-0.14043399691581726,-0.04619799926877022,0,0.1274780035018921,0.6518489718437195,0.7475579977035522,0,-0.07486899942159653,-0.7452329993247986,0.6625880002975464,0,0.0046179997734725475,0.1185230016708374,0,1,-0.9811599850654602,0.13133500516414642,-0.14169199764728546,0,-0.1752530038356781,-0.29635000228881836,0.9388629794120789,0,0.08131500333547592,0.9460060000419617,0.31378400325775146,0,0.17371000349521637,-0.13477300107479095,0.006407999899238348,1,0.981531023979187,0.047571003437042236,0.1852940022945404,0,0.12223199754953384,0.5891420245170593,-0.7987310290336609,0,-0.14715999364852905,0.8066279888153076,0.5724459886550903,0,0,0.634103000164032,0,1,0.9452430009841919,0.041919998824596405,0.32366400957107544,0,-0.2681660056114197,0.6650050282478333,0.6970340013504028,0,-0.18601800501346588,-0.7456619739532471,0.6398329734802246,0,0,0.28386300802230835,0,1,0.971668004989624,-0.0012229999992996454,-0.23634600639343262,0,0.12800300121307373,0.8433600068092346,0.5218809843063354,0,0.19868700206279755,-0.5373479723930359,0.8196219801902771,0,0,0.36601200699806213,0,1,-0.9628869891166687,0.2134930044412613,-0.16513299942016602,0,-0.130622997879982,-0.9040030241012573,-0.40708300471305847,0,-0.23619000613689423,-0.370404988527298,0.8983399868011475,0,-0.17371000349521637,-0.13477300107479095,0.007209999952465296,1,0.9825299978256226,0.1186320036649704,-0.14339299499988556,0,-0.1203090026974678,0.9927319884300232,-0.003047026926651597,0,0.14198899269104004,0.020245026797056198,0.9896609783172607,0,0,0.6340240240097046,0,1,0.9444079995155334,-0.25173497200012207,-0.2114800065755844,0,0.2947100102901459,0.9333109259605408,0.20512603223323822,0,0.14573900401592255,-0.2560480237007141,0.9556149244308472,0,0,0.2839429974555969,0,1,0.9538249969482422,0.27542200684547424,-0.11983799189329147,0,0.15325798094272614,-0.10313498228788376,0.9827889800071716,0,0.25832200050354004,-0.9557750225067139,-0.14058297872543335,0,0,0.36855998635292053,0,1
