0.967,30,29,41
B0,mixamorig_Hips,-1,0.9951755404472351,-0.012484339065849781,-0.094576396048069,0,0.014944365248084068,0.9994803667068481,0.026744388043880463,0,0.09424618631601334,-0.02819962240755558,0.994895875453949,0,0.011499399319291115,1.2705409526824951,-0.014613190665841103,1
B1,mixamorig_Spine,0,0.9998899698257446,0.014094198122620583,-0.0033850769978016615,0,-0.014017379842698574,0.9996097087860107,0.023992715403437614,0,0.003723838599398732,-0.023944761604070663,0.9996976256370544,0,0,0.24264900386333466,-0.0011239999439567327,1
B2,mixamorig_Spine1,1,0.999957799911499,-0.002758184913545847,-0.0032792282290756702,0,0.0028174915350973606,0.9997838735580444,0.020180609077215195,0,0.0032257703132927418,-0.02021833136677742,0.9997656941413879,0,0,0.28309398889541626,0,1
B3,mixamorig_Spine2,2,0.9998905658721924,-0.012048030272126198,-0.00284286355599761,0,0.01185695268213749,0.9982233047485352,-0.058265142142772675,0,0.0035425531677901745,0.058199215680360794,0.9982726573944092,0,0,0.3235360085964203,0,1
B4,mixamorig_Neck,3,0.9995559453964233,-0.019977562129497528,0.021829523146152496,0,0.021071216091513634,0.998450756072998,-0.05130871757864952,0,-0.020761506631970406,0.05174073576927185,0.9984387755393982,0,0,0.36397799849510193,0,1
B5,mixamorig_Head,4,0.996947169303894,0.015652360394597054,0.076410673558712,0,-0.01586359553039074,0.9998703002929688,0.002194010652601719,0,-0.07636786997318268,-0.003404382849112153,0.9970684051513672,0,0,0.22355100512504578,-0.0017209999496117234,1
B6,mixamorig_HeadTop_End,5,1,0,0,0,0,1,0,0,0,0,1,0,0,1.056264042854309,-0.008131000213325024,1
B7,mixamorig_LeftShoulder,3,0.3192795217037201,0.12110496312379837,-0.9395961761474609,0,0.8931055068969727,-0.36881810426712036,0.2561587393283844,0,-0.31555190682411194,-0.9214604496955872,-0.22561591863632202,0,0.10729499906301498,0.3254770040512085,-0.0007459999760612845,1
B8,mixamorig_LeftArm,7,0.9588928818702698,-0.27412471175193787,-0.06060553342103958,0,0.19326519966125488,0.4868794083595276,0.8511926531791687,0,-0.20356494188308716,-0.8283916115760803,0.5210506916046143,0,0,0.22630299627780914,0,1
B9,mixamorig_LeftForeArm,8,0.8477756977081299,0.5303492546081543,0.0025877105072140694,0,-0.5303525328636169,0.8477464318275452,0.007238420657813549,0,0.001644710311666131,-0.0075094206258654594,0.999970018863678,0,0,0.603547990322113,0,1
B10,mixamorig_LeftHand,9,0.647556483745575,0.24073466658592224,-0.7190297245979309,0,0.03190308436751366,0.9371187686920166,0.3328202962875366,0,0.7527982592582703,-0.240802600979805,0.6006324887275696,0,0,0.44730299711227417,0,1
B11,mixamorig_LeftHandThumb1,10,0.7062748670578003,0.14560747146606445,-0.6925415396690369,0,-0.17407174408435822,0.9839298129081726,0.02941618114709854,0,0.6861992478370667,0.0998184084892273,0.720276951789856,0,-0.07047300040721893,0.046045999974012375,0,1
B12,mixamorig_LeftHandThumb2,11,0.9862051606178284,0.002554937032982707,0.16241326928138733,0,-0.0482843779027462,0.9589172601699829,0.2779730558395386,0,-0.15523673593997955,-0.28189030289649963,0.9467286467552185,0,-0.0072730001993477345,0.06695199757814407,0,1
B13,mixamorig_LeftHandThumb3,12,0.8911064863204956,0.3627690076828003,-0.2723282277584076,0,-0.3742465078830719,0.927200198173523,0.010735147632658482,0,0.2563360929489136,0.09241493046283722,0.9620962142944336,0,0.0019759999122470617,0.09976200014352798,0,1
B14,mixamorig_LeftHandThumb4,13,1,0,0,0,0,1,0,0,0,0,1,0,0.005297000054270029,0.087459996342659,0,1
B15,mixamorig_LeftHandIndex1,10,0.9970500469207764,-0.049122340977191925,-0.05788334459066391,0,0.051441505551338196,0.9975214600563049,0.043470025062561035,0,0.0555729977786541,-0.046299584209918976,0.9971110224723816,0,0,0.077224001288414,0.001614999957382679,1
B16,mixamorig_LeftHandIndex2,15,0.99983149766922,-0.01834551990032196,-0.0009550767135806382,0,0.0177927166223526,0.9541574120521545,0.2987635135650635,0,-0.004569067154079676,-0.298729807138443,0.9543229341506958,0,0.0027910000644624233,0.15535999834537506,0,1
B17,mixamorig_LeftHandIndex3,16,0.9995654821395874,0.029453769326210022,-0.0012736211065202951,0,-0.029279546812176704,0.9968433976173401,0.07375451177358627,0,0.0034427482169121504,-0.07368464022874832,0.9972718954086304,0,-0.0024949999060481787,0.1215599998831749,0,1
B18,mixamorig_LeftHandIndex4,17,1,0,0,0,0,1,0,0,0,0,1,0,-0.000295000005280599,0.09693899750709534,0,1
B19,mixamorig_RightShoulder,3,0.12229157239198685,0.013172568753361702,0.9923309087753296,0,-0.9178047180175781,-0.37865740060806274,0.11820367723703384,0,0.3773179352283478,-0.9253536462783813,-0.03407541289925575,0,-0.10729499906301498,0.32547199726104736,0.00038899999344721437,1
B20,mixamorig_RightArm,19,0.9853162169456482,0.08034228533506393,0.14486822485923767,0,-0.16435423493385315,0.5837242007255554,0.7940689325332642,0,-0.020929237827658653,-0.8075336813926697,0.5894370079040527,0,0,0.22630299627780914,0,1
B21,mixamorig_RightForeArm,20,0.8299866318702698,-0.5577780604362488,-0.0020006115082651377,0,0.5577813386917114,0.8299786448478699,0.003777481848374009,0,-0.0004459014453459531,-0.00425106193870306,0.9999909996986389,0,0,0.6033920049667358,0,1
B22,mixamorig_RightHand,21,0.785970151424408,-0.0975099503993988,0.6103599071502686,0,0.06439550220966339,0.9950146079063416,0.07608624547719955,0,-0.6147337555885315,-0.02046480029821396,0.7883404493331909,0,0,0.44735100865364075,0,1
B23,mixamorig_RightHandThumb1,22,0.8730573058128357,-0.18402855098247528,0.4514576196670532,0,0.1435106098651886,0.9819637537002563,0.12274755537509918,0,-0.46594327688217163,-0.042357590049505234,0.8837960958480835,0,0.08082900196313858,0.04864399880170822,0,1
B24,mixamorig_RightHandThumb2,23,0.992590069770813,0.07007283717393875,0.0991060733795166,0,-0.0578167550265789,0.990887463092804,-0.12161573767662048,0,-0.10673032701015472,0.11499784886837006,0.9876012206077576,0,0.016913000494241714,0.0735509991645813,0,1
B25,mixamorig_RightHandThumb3,24,0.7772412896156311,-0.6076357364654541,-0.16331809759140015,0,0.591196596622467,0.7941073179244995,-0.14098964631557465,0,0.21536390483379364,0.013030807487666607,0.9764464497566223,0,0.007259999867528677,0.09258200228214264,0,1
B26,mixamorig_RightHandThumb4,25,1,0,0,0,0,1,0,0,0,0,1,0,-0.02417300082743168,0.07377699762582779,0,1
B27,mixamorig_RightHandIndex1,22,0.9955901503562927,-0.08923748135566711,-0.028825975954532623,0,0.09324924647808075,0.9746666550636292,0.2032392919063568,0,0.009949338622391224,-0.20503316819667816,0.9786946773529053,0,0,0.0906049981713295,0.0015170000260695815,1
B28,mixamorig_RightHandIndex2,27,0.9996508359909058,0.026162423193454742,0.003749606665223837,0,-0.02504945546388626,0.892622172832489,0.4501071274280548,0,0.008428927510976791,-0.45004382729530334,0.8929653167724609,0,-0.0036200000904500484,0.1508300006389618,0,1
B29,mixamorig_RightHandIndex3,28,0.9948921203613281,-0.10037856549024582,-0.01068603340536356,0,0.09908978641033173,0.9508993029594421,0.29320472478866577,0,-0.01927052065730095,-0.29276561737060547,0.955988883972168,0,0.0046179997734725475,0.1185230016708374,0,1
B30,mixamorig_RightHandIndex4,29,1,0,0,0,0,1,0,0,0,0,1,0,-0.0009980000322684646,0.09295400232076645,0,1
B31,mixamorig_LeftUpLeg,0,-0.9996275305747986,-0.015133293345570564,-0.021023983135819435,0,0.004916048608720303,-0.9043741822242737,0.42588892579078674,0,-0.025329208001494408,0.4256075620651245,0.9041520953178406,0,0.17371000349521637,-0.13477300107479095,0.006407999899238348,1
B32,mixamorig_LeftLeg,31,0.9976405501365662,0.03955288231372833,0.05168919637799263,0,0.012731566093862057,0.652258574962616,-0.7503446340560913,0,-0.06568371504545212,0.749533474445343,0.6503609418869019,0,0,0.634103000164032,0,1
B33,mixamorig_LeftFoot,32,0.9495413303375244,-0.10749609768390656,0.2938195765018463,0,-0.2225245237350464,0.4292730689048767,0.8751144409179688,0,-0.22043660283088684,-0.896334171295166,0.38386452198028564,0,0,0.28386300802230835,0,1
B34,mixamorig_LeftToeBase,33,0.984920084476471,-0.010889090597629547,-0.1705847531557083,0,0.12996627390384674,0.6765832304954529,0.7192533016204834,0,0.10871992260217667,-0.7309266924858093,0.6674912571907043,0,0,0.36601200699806213,0,1
B35,mixamorig_LeftToe_End,34,1,0,0,0,0,1,0,0,0,0,1,0,0,0.13590599596500397,0,1
B36,mixamorig_RightUpLeg,0,-0.9751145243644714,-0.07504911720752716,-0.2078925371170044,0,0.09797345101833344,-0.9897669553756714,-0.10175734758377075,0,-0.19838319718837738,-0.11951883137226105,0.9726940393447876,0,-0.17371000349521637,-0.13477300107479095,0.007209999952465296,1
B37,mixamorig_RightLeg,36,0.9957618713378906,0.08105283975601196,0.03599367290735245,0,-0.07565870136022568,0.990032970905304,-0.11413479596376419,0,-0.04483509063720703,0.11097265034914017,0.9919700622558594,0,0,0.6340240240097046,0,1
B38,mixamorig_RightFoot,37,0.9559057950973511,-0.04707537218928337,-0.28927019238471985,0,0.2844119071960449,0.3917192816734314,0.8735840916633606,0,0.07277614623308182,-0.9174137711524963,0.38787269592285156,0,0,0.2839429974555969,0,1
B39,mixamorig_RightToeBase,38,0.9805799722671509,0.00034883979242295027,0.1961183100938797,0,-0.129057839512825,0.7541106343269348,0.6439422369003296,0,-0.14766985177993774,-0.6567474007606506,0.7395102381706238,0,0,0.36855998635292053,0,1
B40,mixamorig_RightToe_End,39,1,0,0,0,0,1,0,0,0,0,1,0,0,0.1353980004787445,0,1
@34,0,1,2,3,4,5,7,8,9,10,11,12,13,15,16,17,19,20,21,22,23,24,25,27,28,29,31,32,33,34,36,37,38,39
K0.000,0.9841060042381287,-0.04732400178909302,-0.17115899920463562,0,0.045779999345541,0.9988679885864258,-0.01295700017362833,0,0.17157800495624542,0.0049149999395012856,0.9851580262184143,0,0.003570999950170517,1.2755130529403687,-0.008206999860703945,1,0.9996140003204346,0.024894999340176582,0.012356000021100044,0,-0.025374000892043114,0.9988669753074646,0.04026399925351143,0,-0.011339999735355377,-0.04056200012564659,0.9991130232810974,0,0,0.24264900386333466,-0.0011239999439567327,1,0.9991000294685364,0.01342300046235323,0.04022800177335739,0,-0.014568000100553036,0.9994930028915405,0.028313999995589256,0,-0.03982799872756004,-0.028874000534415245,0.9987890124320984,0,0,0.28309398889541626,0,1,0.9991949796676636,0.0062409997917711735,0.03962400183081627,0,-0.004207999911159277,0.9986810088157654,-0.051176998764276505,0,-0.03989100083708763,0.05096900090575218,0.9979029893875122,0,0,0.3235360085964203,0,1,0.9996510148048401,-0.01606000028550625,0.02098800055682659,0,0.017169000580906868,0.9984059929847717,-0.05376200005412102,0,-0.02009199932217598,0.054104000329971313,0.9983329772949219,0,0,0.36397799849510193,0,1,0.9977390170097351,0.006990999914705753,0.06684999912977219,0,-0.005402000155299902,0.9996989965438843,-0.023910999298095703,0,-0.0669969990849495,0.023496000096201897,0.9974759817123413,0,0,0.22355100512504578,-0.0017209999496117234,1,0.35098400712013245,0.13408200442790985,-0.9267320036888123,0,0.9006230235099792,-0.31922799348831177,0.2949090003967285,0,-0.2562969923019409,-0.9381449818611145,-0.23280100524425507,0,0.10729499906301498,0.3254770040512085,-0.0007459999760612845,1,0.9959520101547241,-0.0898829996585846,-0.0008040000102482736,0,0.04835300147533417,0.5281980037689209,0.8477429747581482,0,-0.07577300071716309,-0.8443499803543091,0.5304059982299805,0,0,0.22630299627780914,0,1,0.805912971496582,0.5920249819755554,0.0031590000726282597,0,-0.5920299887657166,0.8058760166168213,0.008080000057816505,0,0.002237000036984682,-0.008382000029087067,0.9999619722366333,0,0,0.603547990322113,0,1,0.7929019927978516,0.31526198983192444,-0.5214560031890869,0,-0.36154699325561523,0.9322509765625,0.013868999667465687,0,0.49050000309944153,0.17753399908542633,0.8531659841537476,0,0,0.44730299711227417,0,1,0.6931660175323486,0.24720099568367004,-0.6770610213279724,0,-0.17655399441719055,0.9689639806747437,0.17302300035953522,0,0.6988199949264526,-0.00039599998854100704,0.7152979969978333,0,-0.07047300040721893,0.046045999974012375,0,1,0.929623007774353,-0.009472999721765518,0.3683910071849823,0,-0.051732998341321945,0.9864150285720825,0.15591199696063995,0,-0.36486300826072693,-0.16399799287319183,0.9165040254592896,0,-0.0072730001993477345,0.06695199757814407,0,1,0.9669089913368225,0.17401699721813202,-0.1865600049495697,0,-0.16805000603199005,0.9846349954605103,0.04746000096201897,0,0.19195200502872467,-0.014538999646902084,0.9812970161437988,0,0.0019759999122470617,0.09976200014352798,0,1,0.9983800053596497,-0.056134000420570374,-0.00928299967199564,0,0.055778998881578445,0.9978330135345459,-0.03491099923849106,0,0.011222000233829021,0.03433699905872345,0.9993469715118408,0,0,0.077224001288414,0.001614999957382679,1,0.9998149871826172,-0.01918100006878376,-0.0010529999854043126,0,0.018654000014066696,0.9563480019569397,0.2916339933872223,0,-0.004586999770253897,-0.29159998893737793,0.9565290212631226,0,0.0027910000644624233,0.15535999834537506,0,1,0.9995899796485901,0.028617000207304955,-0.0013370000524446368,0,-0.0284659992903471,0.997393012046814,0.06631200015544891,0,0.0032309999223798513,-0.06624600291252136,0.9977980256080627,0,-0.0024949999060481787,0.1215599998831749,0,1,0.0947130024433136,0.015146000310778618,0.9953889846801758,0,-0.9070349931716919,-0.4107550084590912,0.09255699813365936,0,0.4102630019187927,-0.911620020866394,-0.025165999308228493,0,-0.10729499906301498,0.32547199726104736,0.00038899999344721437,1,0.9239959716796875,0.1769859939813614,0.33897900581359863,0,-0.3785640001296997,0.5486310124397278,0.7454490065574646,0,-0.05403999984264374,-0.8171169757843018,0.573934018611908,0,0,0.22630299627780914,0,1,0.8432419896125793,-0.5375310182571411,-0.0019109999993816018,0,0.5375339984893799,0.8432340025901794,0.003640000009909272,0,-0.00034500000765547156,-0.004097000230103731,0.9999920129776001,0,0,0.6033920049667358,0,1,0.7804870009422302,-0.15693800151348114,0.6051530241966248,0,0.11015000194311142,0.9873560070991516,0.11399400234222412,0,-0.6153920292854309,-0.02231300063431263,0.7879049777984619,0,0,0.44735100865364075,0,1,0.8758299946784973,-0.16443200409412384,0.4537450075149536,0,0.12323600053787231,0.9851980209350586,0.1191520020365715,0,-0.4666210114955902,-0.04843899980187416,0.8831300139427185,0,0.08082900196313858,0.04864399880170822,0,1,0.9904909729957581,0.06304699927568436,0.12228400260210037,0,-0.04834099858999252,0.9916309714317322,-0.11970999836921692,0,-0.12880800664424896,0.1126599982380867,0.9852489829063416,0,0.016913000494241714,0.0735509991645813,0,1,0.7810540199279785,-0.6011459827423096,-0.1690489947795868,0,0.585273027420044,0.799094021320343,-0.13749100267887115,0,0.21773800253868103,0.008448000065982342,0.975970983505249,0,0.007259999867528677,0.09258200228214264,0,1,0.996878981590271,-0.07497099786996841,-0.024747999384999275,0,0.07836800068616867,0.9776639938354492,0.19501499831676483,0,0.009573999792337418,-0.1963450014591217,0.9804880023002625,0,0,0.0906049981713295,0.0015170000260695815,1,0.9996569752693176,0.025936000049114227,0.0037249999586492777,0,-0.02481899969279766,0.8916940093040466,0.4519580006599426,0,0.00839999970048666,-0.45189499855041504,0.8920310139656067,0,-0.0036200000904500484,0.1508300006389618,0,1,0.9948710203170776,-0.10056799650192261,-0.01081399992108345,0,0.09926799684762955,0.9502699971199036,0.295183002948761,0,-0.01940999925136566,-0.29474300146102905,0.9553790092468262,0,0.0046179997734725475,0.1185230016708374,0,1,-0.9969019889831543,-0.07804500311613083,0.009766999632120132,0,0.07808700203895569,-0.9671710133552551,0.24183399975299835,0,-0.009428000077605247,0.2418469935655594,0.9702690243721008,0,0.17371000349521637,-0.13477300107479095,0.006407999899238348,1,0.9991909861564636,0.02559399977326393,-0.03103099949657917,0,-0.03742299973964691,0.3086889982223511,-0.9504259824752808,0,-0.01474700029939413,0.9508190155029297,0.30939701199531555,0,0,0.634103000164032,0,1,0.9506279826164246,-0.09825599938631058,0.2943669855594635,0,-0.23323099315166473,0.3995310068130493,0.8865540027618408,0,-0.2047179937362671,-0.9114390015602112,0.356889009475708,0,0,0.28386300802230835,0,1,0.9945350289344788,-0.10407400131225586,-0.008283999748528004,0,0.03961699828505516,0.30278998613357544,0.9522340297698975,0,-0.09659499675035477,-0.9473580121994019,0.30525800585746765,0,0,0.36601200699806213,0,1,-0.9742370247840881,-0.12893299758434296,-0.18503400683403015,0,0.13554799556732178,-0.9904919862747192,-0.023502999916672707,0,-0.18024499714374542,-0.047979000955820084,0.9824510216712952,0,-0.17371000349521637,-0.13477300107479095,0.007209999952465296,1,0.9959400296211243,0.08875799924135208,0.015015999786555767,0,-0.08873499929904938,0.9960529804229736,-0.0021909999195486307,0,-0.01515199989080429,0.0008490000036545098,0.9998850226402283,0,0,0.6340240240097046,0,1,0.9207969903945923,-0.11593300104141235,-0.3724150061607361,0,0.37260299921035767,0.5437660217285156,0.7519869804382324,0,0.11532700061798096,-0.8311910033226013,0.5438950061798096,0,0,0.2839429974555969,0,1,0.9808549880981445,0.0004349999944679439,0.19473999738693237,0,-0.1291310042142868,0.7499880194664001,0.6487249732017517,0,-0.14576999843120575,-0.6614519953727722,0.7356849908828735,0,0,0.36855998635292053,0,1
K0.033,0.9886030554771423,-0.030530866235494614,-0.14741361141204834,0,0.031509879976511,0.9994940161705017,0.004307180177420378,0,0.1472076177597046,-0.00890315417200327,0.9890650510787964,0,0.006215040106326342,1.2782570123672485,-0.011977026239037514,1,0.9998160004615784,0.018166963011026382,0.006219923496246338,0,-0.018366960808634758,0.9992589950561523,0.03381291776895523,0,-0.005600926000624895,-0.03392091765999794,0.999409019947052,0,0,0.24264900386333466,-0.0011239999439567327,1,0.999750018119812,0.0043599545024335384,0.021941794082522392,0,-0.004862949252128601,0.9997249841690063,0.022939978167414665,0,-0.021835792809724808,-0.023040978237986565,0.9994959831237793,0,0,0.28309398889541626,0,1,0.999754011631012,-0.00383105524815619,0.021856797859072685,0,0.005050043575465679,0.9984170198440552,-0.05602401867508888,0,-0.021606793627142906,0.056121014058589935,0.9981899857521057,0,0,0.3235360085964203,0,1,0.9996569752693176,-0.01170406211167574,0.02341899275779724,0,0.012774062342941761,0.9988549947738647,-0.04609303176403046,0,-0.022851990535855293,0.04637603461742401,0.9986630082130432,0,0,0.36397799849510193,0,1,0.9971330165863037,0.01523201260715723,0.07411704212427139,0,-0.014698020182549953,0.999862015247345,-0.007744906470179558,0,-0.0742250457406044,0.00663390476256609,0.9972190260887146,0,0,0.22355100512504578,-0.0017209999496117234,1,0.35244882106781006,0.13112592697143555,-0.9265990853309631,0,0.8968779444694519,-0.33002030849456787,0.29444175958633423,0,-0.26718735694885254,-0.9348219037055969,-0.2339189499616623,0,0.10729499906301498,0.3254770040512085,-0.0007459999760612845,1,0.9864528179168701,-0.16205987334251404,-0.025446273386478424,0,0.10375569015741348,0.49620991945266724,0.8619799613952637,0,-0.12706561386585236,-0.8529428243637085,0.506303071975708,0,0,0.22630299627780914,0,1,0.8415980339050293,0.5400978922843933,0.0026729991659522057,0,-0.5401018857955933,0.8415670394897461,0.007370998617261648,0,0.0017319992184638977,-0.007646998390555382,0.9999690055847168,0,0,0.603547990322113,0,1,0.7681651711463928,0.2670077681541443,-0.5819180607795715,0,-0.21790307760238647,0.9636598825454712,0.15452155470848083,0,0.6020292639732361,0.008103979751467705,0.7984325885772705,0,0,0.44730299711227417,0,1,0.699565052986145,0.20431654155254364,-0.6847360730171204,0,-0.17621998488903046,0.9779830574989319,0.11178134381771088,0,0.6924989223480225,0.0424654521048069,0.7201679944992065,0,-0.07047300040721893,0.046045999974012375,0,1,0.9593533277511597,0.08223740756511688,0.2699609100818634,0,-0.1320413500070572,0.9762347936630249,0.17184501886367798,0,-0.24941298365592957,-0.2005068063735962,0.9474120140075684,0,-0.0072730001993477345,0.06695199757814407,0,1,0.922970712184906,0.2957056164741516,-0.24634021520614624,0,-0.30143165588378906,0.9533687829971313,0.015035979449748993,0,0.23929913341999054,0.06037726253271103,0.9690669178962708,0,0.0019759999122470617,0.09976200014352798,0,1,0.9981949925422668,-0.05279797688126564,-0.028637221083045006,0,0.05349499732255936,0.9982759952545166,0.024135321378707886,0,0.02731320448219776,-0.02562333270907402,0.9992979764938354,0,0,0.077224001288414,0.001614999957382679,1,0.9998229742050171,-0.018778998404741287,-0.0010069997515529394,0,0.01823999732732773,0.9553040266036987,0.29506102204322815,0,-0.004579000174999237,-0.29502803087234497,0.9554780125617981,0,0.0027910000644624233,0.15535999834537506,0,1,0.9995779991149902,0.029019001871347427,-0.0013079997152090073,0,-0.028857002034783363,0.9971370100975037,0.06988802552223206,0,0.0033320006914436817,-0.06982102245092392,0.9975540041923523,0,-0.0024949999060481787,0.1215599998831749,0,1,0.10038714110851288,0.015236985869705677,0.9948319792747498,0,-0.9059101343154907,-0.41204074025154114,0.09772513061761856,0,0.4113997220993042,-0.9110381007194519,-0.027561040595173836,0,-0.10729499906301498,0.32547199726104736,0.00038899999344721437,1,0.9576252102851868,0.1426345556974411,0.2502191364765167,0,-0.28591904044151306,0.5754930377006531,0.7661972641944885,0,-0.03471284732222557,-0.8052719831466675,0.5918880105018616,0,0,0.22630299627780914,0,1,0.8348839282989502,-0.5504230856895447,-0.001968000316992402,0,0.5504260659217834,0.8348759412765503,0.0037270004395395517,0,-0.00040900034946389496,-0.004195000510662794,0.9999909996986389,0,0,0.6033920049667358,0,1,0.7736430764198303,-0.12232477217912674,0.6217019557952881,0,0.085259810090065,0.9923620223999023,0.08915786445140839,0,-0.6278589367866516,-0.01597002148628235,0.7781630754470825,0,0,0.44735100865364075,0,1,0.8778769373893738,-0.16501213610172272,0.4495590031147003,0,0.12702912092208862,0.9853690266609192,0.11362606287002563,0,-0.4617310166358948,-0.042642995715141296,0.885994017124176,0,0.08082900196313858,0.04864399880170822,0,1,0.9912689924240112,0.06599202752113342,0.11415588110685349,0,-0.05252403765916824,0.9917169809341431,-0.11720802634954453,0,-0.12094588577747345,0.1101890355348587,0.9865239858627319,0,0.016913000494241714,0.0735509991645813,0,1,0.7792540192604065,-0.6042309999465942,-0.16633297502994537,0,0.5880839824676514,0.7967380285263062,-0.13916102051734924,0,0.21660998463630676,0.010624019429087639,0.9762009978294373,0,0.007259999867528677,0.09258200228214264,0,1,0.9963290095329285,-0.08146806806325912,-0.026288019493222237,0,0.08506106585264206,0.9767150282859802,0.1969580352306366,0,0.009630002081394196,-0.1984710395336151,0.980059027671814,0,0,0.0906049981713295,0.0015170000260695815,1,0.9996569752693176,0.025907002389431,0.0037220001686364412,0,-0.024790002033114433,0.8915759921073914,0.4521929919719696,0,0.008395999670028687,-0.452129989862442,0.8919129967689514,0,-0.0036200000904500484,0.1508300006389618,0,1,0.9948689937591553,-0.1005920022726059,-0.01082999911159277,0,0.09929099678993225,0.9501889944076538,0.29543399810791016,0,-0.019426999613642693,-0.2949939966201782,0.9553020000457764,0,0.0046179997734725475,0.1185230016708374,0,1,-0.9991199970245361,-0.039879802614450455,-0.013016106560826302,0,0.03308175504207611,-0.9398046731948853,0.34010571241378784,0,-0.025796039029955864,0.33937570452690125,0.9402967095375061,0,0.17371000349521637,-0.13477300107479095,0.006407999899238348,1,0.9987360239028931,0.05015197768807411,-0.00327956210821867,0,-0.024332722648978233,0.42541778087615967,-0.9046699404716492,0,-0.04397618770599365,0.9036059379577637,0.4260997474193573,0,0,0.634103000164032,0,1,0.9468100070953369,-0.144220769405365,0.28766605257987976,0,-0.21585702896118164,0.37834641337394714,0.9001438021659851,0,-0.2386569082736969,-0.9143598675727844,0.32709044218063354,0,0,0.28386300802230835,0,1,0.9950469136238098,-0.0491296611726284,-0.0864136815071106,0,0.09935729205608368,0.46508273482322693,0.8796737790107727,0,-0.003028102917596698,-0.8839028477668762,0.4676596522331238,0,0,0.36601200699806213,0,1,-0.9744619727134705,-0.1108657494187355,-0.19527408480644226,0,0.1266927868127823,-0.9894350171089172,-0.07048020511865616,0,-0.18539708852767944,-0.09342017769813538,0.9782129526138306,0,-0.17371000349521637,-0.13477300107479095,0.007209999952465296,1,0.9965659976005554,0.08228398114442825,0.00923011265695095,0,-0.08228495717048645,0.9966089129447937,-0.00027693150332197547,0,-0.009221185930073261,-0.0004830800462514162,0.9999569654464722,0,0,0.6340240240097046,0,1,0.9363501667976379,-0.1022985577583313,-0.3358335494995117,0,0.33873650431632996,0.5145750641822815,0.7876986861228943,0,0.09223179519176483,-0.8513205647468567,0.5164740681648254,0,0,0.2839429974555969,0,1,0.9808059930801392,0.00041899929055944085,0.19498701393604279,0,-0.12911899387836456,0.7507290840148926,0.6478689312934875,0,-0.14611101150512695,-0.6606099605560303,0.7363740801811218,0,0,0.36855998635292053,0,1
K0.067,0.9939559698104858,-0.017064133659005165,-0.10844838619232178,0,0.019596118479967117,0.9995589852333069,0.022319821640849113,0,0.10802038758993149,-0.024309847503900528,0.9938509464263916,0,0.010224959813058376,1.2735079526901245,-0.014580974355340004,1,0.9998940229415894,0.01448303647339344,-0.0014229239895939827,0,-0.01444103941321373,0.9995629787445068,0.025801079347729683,0,0.0017959264805540442,-0.02577807940542698,0.9996659755706787,0,0,0.24264900386333466,-0.0011239999439567327,1,0.9999989867210388,-0.00022295444796327502,0.0012292058672755957,0,0.00019694970978889614,0.9997850060462952,0.02075602300465107,0,-0.0012342047411948442,-0.02075602300465107,0.999783992767334,0,0,0.28309398889541626,0,1,0.9999549984931946,-0.00935494527220726,0.0015672016888856888,0,0.00942995585501194,0.9982860088348389,-0.05776198208332062,0,-0.0010242045391350985,0.05777498334646225,0.9983289837837219,0,0,0.3235360085964203,0,1,0.9995800256729126,-0.01793793775141239,0.022754007950425148,0,0.019044939428567886,0.9985970258712769,-0.0493999682366848,0,-0.02183600887656212,0.049811966717243195,0.998520016670227,0,0,0.36397799849510193,0,1,0.9967780113220215,0.016539987176656723,0.07848595827817917,0,-0.016716979444026947,0.9998589754104614,0.0016029070829972625,0,-0.07844895869493484,-0.0029099052771925926,0.9969140291213989,0,0,0.22355100512504578,-0.0017209999496117234,1,0.3333751857280731,0.1230090856552124,-0.9347349405288696,0,0.8926580548286438,-0.3601927161216736,0.2709682285785675,0,-0.3033536374568939,-0.9247321486473083,-0.2298840433359146,0,0.10729499906301498,0.3254770040512085,-0.0007459999760612845,1,0.9667701721191406,-0.2501291334629059,-0.05283672735095024,0,0.17290231585502625,0.48749807476997375,0.8558330535888672,0,-0.1883113831281662,-0.8365291953086853,0.5145459175109863,0,0,0.22630299627780914,0,1,0.8477539420127869,0.5303841233253479,0.0025880008470267057,0,-0.5303871035575867,0.8477249145507812,0.007239001337438822,0,0.0016450007678940892,-0.007510001305490732,0.999970018863678,0,0,0.603547990322113,0,1,0.6842818260192871,0.24260923266410828,-0.687675952911377,0,-0.026110906153917313,0.9505801200866699,0.309378445148468,0,0.7287497520446777,-0.19374598562717438,0.6567994356155396,0,0,0.44730299711227417,0,1,0.7052549123764038,0.1576174646615982,-0.6912099123001099,0,-0.17423801124095917,0.9836039543151855,0.04651464894413948,0,0.6872090697288513,0.08763055503368378,0.7211549878120422,0,-0.07047300040721893,0.046045999974012375,0,1,0.9867656826972961,0.022829590365290642,0.16053909063339233,0,-0.06673765182495117,0.9594781994819641,0.2737649977207184,0,-0.1477840095758438,-0.280856192111969,0.9483039975166321,0,-0.0072730001993477345,0.06695199757814407,0,1,0.8948172926902771,0.357920378446579,-0.26682478189468384,0,-0.36800533533096313,0.9297322630882263,0.0130150206387043,0,0.25273388624191284,0.08654674142599106,0.9636570811271667,0,0.0019759999122470617,0.09976200014352798,0,1,0.997435986995697,-0.05041302368044853,-0.05078978091478348,0,0.05326000228524208,0.9969890117645264,0.056356679648160934,0,0.047795794904232025,-0.058916669338941574,0.9971179962158203,0,0,0.077224001288414,0.001614999957382679,1,0.9998279809951782,-0.018535001203417778,-0.0009780002292245626,0,0.01798800192773342,0.954662024974823,0.2971469759941101,0,-0.0045739999040961266,-0.29711297154426575,0.9548310041427612,0,0.0027910000644624233,0.15535999834537506,0,1,0.9995710253715515,0.029263997450470924,-0.0012890002690255642,0,-0.02909499779343605,0.9969760179519653,0.07206397503614426,0,0.0033939993008971214,-0.07199497520923615,0.9973989725112915,0,-0.0024949999060481787,0.1215599998831749,0,1,0.1145358607172966,0.013806014321744442,0.993323028087616,0,-0.9156878590583801,-0.38627126812934875,0.11095286905765533,0,0.38522428274154663,-0.9222818613052368,-0.03159995749592781,0,-0.10729499906301498,0.32547199726104736,0.00038899999344721437,1,0.9815137386322021,0.09722045809030533,0.16485685110092163,0,-0.19040395319461823,0.5833089351654053,0.7896187901496887,0,-0.01939515210688114,-0.8064110279083252,0.5910369753837585,0,0,0.22630299627780914,0,1,0.8303540349006653,-0.5572319626808167,-0.001997999846935272,0,0.5572349429130554,0.8303460478782654,0.003773999633267522,0,-0.0004429996479302645,-0.004246999509632587,0.9999909996986389,0,0,0.6033920049667358,0,1,0.7803829312324524,-0.09919822961091995,0.6173840761184692,0,0.06639018654823303,0.9948999881744385,0.07593713700771332,0,-0.621768057346344,-0.018271977081894875,0.7829879522323608,0,0,0.44735100865364075,0,1,0.8746590614318848,-0.17818187177181244,0.4508030116558075,0,0.13850687444210052,0.9830849766731262,0.11983393877744675,0,-0.46452897787094116,-0.042375002056360245,0.8845430016517639,0,0.08082900196313858,0.04864399880170822,0,1,0.9923419952392578,0.06889096647500992,0.10252112150192261,0,-0.05635196343064308,0.9911080002784729,-0.12053397297859192,0,-0.10991410911083221,0.1138339638710022,0.987401008605957,0,0.016913000494241714,0.0735509991645813,0,1,0.7776309847831726,-0.6069819927215576,-0.1638990342617035,0,0.5905979871749878,0.7946159839630127,-0.140639990568161,0,0.21560300886631012,0.012567980214953423,0.9764000177383423,0,0.007259999867528677,0.09258200228214264,0,1,0.9957299828529358,-0.08791892975568771,-0.028128981590270996,0,0.09178793430328369,0.9753590226173401,0.20062397420406342,0,0.009796998463571072,-0.2023499608039856,0.9792640209197998,0,0,0.0906049981713295,0.0015170000260695815,1,0.9996539950370789,0.026050997897982597,0.003737999824807048,0,-0.024935998022556305,0.892166018486023,0.4510200023651123,0,0.008414999581873417,-0.4509570002555847,0.8925060033798218,0,-0.0036200000904500484,0.1508300006389618,0,1,0.9948819875717163,-0.10047200322151184,-0.010749001055955887,0,0.0991780012845993,0.9505900144577026,0.2941800057888031,0,-0.019339000806212425,-0.29374000430107117,0.9556900262832642,0,0.0046179997734725475,0.1185230016708374,0,1,-0.999521017074585,-0.01997019723057747,-0.02365289442241192,0,0.008487244136631489,-0.9115983247756958,0.410994291305542,0,-0.029769960790872574,0.4105962812900543,0.911331295967102,0,0.17371000349521637,-0.13477300107479095,0.006407999899238348,1,0.9980319738388062,0.04789702221751213,0.040483564138412476,0,0.0033697246108204126,0.6036391854286194,-0.7972500920295715,0,-0.06262381374835968,0.7958170771598816,0.6022902727127075,0,0,0.634103000164032,0,1,0.9484410285949707,-0.12151022255420685,0.2927369475364685,0,-0.21828396618366241,0.4192405939102173,0.8812431693077087,0,-0.22980709373950958,-0.8997071385383606,0.3711015582084656,0,0,0.28386300802230835,0,1,0.9878960847854614,-0.015336336567997932,-0.15435533225536346,0,0.12867870926856995,0.6366932988166809,0.7603051662445068,0,0.08661710470914841,-0.7709641456604004,0.6309604048728943,0,0,0.36601200699806213,0,1,-0.9751920104026794,-0.08549125492572784,-0.20418791472911835,0,0.10599120706319809,-0.9901340007781982,-0.09164979308843613,0,-0.1943379044532776,-0.1110188290476799,0.9746320843696594,0,-0.17371000349521637,-0.13477300107479095,0.007209999952465296,1,0.9965720176696777,0.08015302568674088,0.020473888143897057,0,-0.07791304588317871,0.9925780892372131,-0.09336907416582108,0,-0.027805816382169724,0.09145408123731613,0.9954210519790649,0,0,0.6340240240097046,0,1,0.9545628428459167,-0.05861643701791763,-0.29218944907188416,0,0.28907451033592224,0.4204249382019043,0.8600462675094604,0,0.07243119180202484,-0.9054324626922607,0.4182659983634949,0,0,0.2839429974555969,0,1,0.9805840253829956,0.00035000068601220846,0.1960979849100113,0,-0.12905900180339813,0.7540499567985535,0.6440130472183228,0,-0.14764198660850525,-0.6568170785903931,0.739453911781311,0,0,0.36855998635292053,0,1
